1231000,59,67,56
1231001,59,59,61
1231002,64,66,55
1231003,57,53,65
1231004,60,61,61
1231005,62,62,57
1231006,62,61,60
1231007,61,57,64
1231008,49,57,64
1231009,60,53,66
1231010,59,61,57
1231011,60,63,62
1231012,61,61,57
1231013,63,60,59
1231014,67,63,60
1231015,59,58,56
1231016,56,68,57
1231017,60,62,54
1231018,63,55,61
1231019,63,60,59
1231020,62,59,56
1231021,61,56,62
1231022,57,65,60
1231023,56,61,63
1231024,59,52,62
1231025,59,55,63
1231026,63,62,53
1231027,60,53,56
1231028,60,59,55
1231029,55,60,67
1231030,59,61,63
1231031,60,57,49
1231032,61,58,56
1231033,63,58,65
1231034,58,54,50
1231035,54,59,56
1231036,58,71,64
1231037,57,63,67
1231038,64,62,55
1231039,57,55,55
1231040,64,61,63
1231041,55,56,59
1231042,60,74,54
1231043,62,61,59
1231044,63,62,55
1231045,64,58,55
1231046,61,61,63
1231047,61,60,65
1231048,55,57,50
1231049,59,65,55
1231050,57,63,60
1231051,55,58,57
1231052,60,58,56
1231053,59,64,54
1231054,56,55,57
1231055,62,57,75
1231056,54,60,66
1231057,58,56,57
1231058,61,60,57
1231059,64,61,56
1231060,65,56,50
1231061,61,55,60
1231062,57,62,60
1231063,64,60,59
1231064,57,60,68
1231065,59,63,58
1231066,62,57,55
1231067,62,55,49
1231068,59,67,50
1231069,54,57,59
1231070,62,61,60
1231071,63,58,56
1231072,60,62,55
1231073,59,63,51
1231074,59,56,54
1231075,63,65,54
1231076,59,60,59
1231077,56,59,60
1231078,60,61,56
1231079,61,59,65
1231080,62,57,61
1231081,62,55,46
1231082,64,59,53
1231083,59,54,59
1231084,54,56,61
1231085,60,55,66
1231086,54,66,62
1231087,57,53,56
1231088,57,61,67
1231089,59,57,51
1231090,61,65,62
1231091,63,59,54
1231092,63,64,47
1231093,61,55,64
1231094,61,58,60
1231095,57,63,50
1231096,58,64,55
1231097,63,61,58
1231098,60,56,70
1231099,56,54,64
1231100,60,57,57
1231101,63,58,50
1231102,56,54,58
1231103,62,61,57
1231104,65,60,54
1231105,59,60,57
1231106,61,60,62
1231107,62,66,57
1231108,61,66,61
1231109,59,65,58
1231110,58,54,55
1231111,54,59,69
1231112,63,54,60
1231113,63,55,62
1231114,64,67,56
1231115,60,69,65
1231116,59,56,59
1231117,62,60,55
1231118,62,63,50
1231119,64,61,65
1231120,62,60,55
1231121,57,59,56
1231122,56,63,64
1231123,62,58,64
1231124,58,62,57
1231125,56,65,56
1231126,57,55,55
1231127,63,58,50
1231128,62,60,61
1231129,62,62,62
1231130,61,62,61
1231131,57,63,56
1231132,57,71,57
1231133,62,63,61
1231134,62,59,66
1231135,63,58,51
1231136,59,59,68
1231137,55,56,57
1231138,58,62,57
1231139,58,64,55
1231140,59,56,65
1231141,59,61,59
1231142,55,56,60
1231143,58,58,52
1231144,58,65,60
1231145,57,53,52
1231146,64,59,60
1231147,61,52,66
1231148,58,62,61
1231149,57,56,58
1231150,63,58,52
1231151,60,66,52
1231152,54,60,65
1231153,61,63,56
1231154,57,56,55
1231155,57,53,64
1231156,60,54,62
1231157,58,64,49
1231158,63,52,56
1231159,60,62,51
1231160,58,62,60
1231161,64,59,62
1231162,61,61,59
1231163,64,62,56
1231164,63,61,67
1231165,60,64,61
1231166,57,58,58
1231167,55,57,62
1231168,62,56,67
1231169,60,64,61
1231170,56,56,58
1231171,61,58,54
1231172,60,60,61
1231173,62,60,60
1231174,59,62,66
1231175,58,61,66
1231176,59,57,55
1231177,56,54,64
1231178,59,65,53
1231179,61,58,51
1231180,57,58,61
1231181,60,58,57
1231182,57,59,65
1231183,63,61,57
1231184,64,67,58
1231185,60,53,63
1231186,62,59,66
1231187,58,55,49
1231188,64,61,56
1231189,66,62,53
1231190,65,65,66
1231191,62,59,58
1231192,63,61,61
1231193,57,58,57
1231194,60,62,65
1231195,55,58,62
1231196,61,59,63
1231197,63,57,54
1231198,62,59,52
1231199,58,60,58
1231200,62,61,64
1231201,57,56,64
1231202,59,52,69
1231203,61,56,69
1231204,58,62,62
1231205,61,57,60
1231206,58,60,56
1231207,60,62,58
1231208,60,62,55
1231209,64,63,61
1231210,59,60,57
1231211,63,58,56
1231212,61,63,64
1231213,62,59,72
1231214,55,56,58
1231215,63,61,70
1231216,62,53,55
1231217,56,56,65
1231218,62,58,62
1231219,59,60,58
1231220,59,57,62
1231221,62,64,53
1231222,61,59,59
1231223,58,59,58
1231224,57,66,55
1231225,58,63,61
1231226,59,58,53
1231227,58,55,58
1231228,51,61,58
1231229,60,57,60
1231230,57,62,58
1231231,62,66,60
1231232,57,55,59
1231233,58,60,62
1231234,58,67,54
1231235,64,63,52
1231236,57,52,59
1231237,57,62,54
1231238,57,59,64
1231239,60,69,55
1231240,51,63,58
1231241,64,53,58
1231242,60,61,48
1231243,59,59,55
1231244,56,57,60
1231245,58,61,57
1231246,61,64,60
1231247,57,59,60
1231248,59,56,54
1231249,58,65,67
1231250,60,56,61
1231251,67,60,51
1231252,63,63,60
1231253,64,50,53
1231254,58,69,57
1231255,54,61,62
1231256,62,61,53
1231257,59,60,62
1231258,60,61,61
1231259,62,63,58
1231260,63,64,54
1231261,60,55,63
1231262,63,61,62
1231263,58,61,63
1231264,63,67,59
1231265,58,54,57
1231266,57,59,57
1231267,59,61,67
1231268,58,54,53
1231269,59,62,59
1231270,60,63,61
1231271,65,57,56
1231272,63,60,52
1231273,57,61,64
1231274,63,60,59
1231275,59,52,62
1231276,59,59,56
1231277,58,60,55
1231278,63,60,53
1231279,59,58,62
1231280,59,63,62
1231281,64,63,61
1231282,60,57,51
1231283,57,66,67
1231284,59,55,53
1231285,58,57,66
1231286,62,61,60
1231287,61,58,57
1231288,60,54,65
1231289,64,60,55
1231290,61,59,56
1231291,60,59,60
1231292,68,58,61
1231293,58,59,61
1231294,54,61,59
1231295,58,55,58
1231296,63,59,64
1231297,54,48,61
1231298,62,60,58
1231299,59,53,61
1231300,56,58,61
1231301,57,62,68
1231302,58,61,63
1231303,57,60,66
1231304,57,65,51
1231305,54,65,63
1231306,63,60,59
1231307,60,59,58
1231308,59,59,61
1231309,57,56,59
1231310,63,63,57
1231311,57,59,58
1231312,60,60,60
1231313,55,56,56
1231314,58,61,61
1231315,58,61,68
1231316,60,59,61
1231317,60,65,57
1231318,63,65,56
1231319,59,58,60
1231320,60,57,57
1231321,58,59,54
1231322,57,58,54
1231323,60,58,58
1231324,61,63,51
1231325,61,68,56
1231326,57,58,61
1231327,59,65,57
1231328,55,54,59
1231329,61,58,55
1231330,57,59,54
1231331,60,63,54
1231332,61,61,56
1231333,61,58,55
1231334,56,62,60
1231335,62,59,56
1231336,57,56,52
1231337,54,61,69
1231338,59,55,61
1231339,59,63,52
1231340,62,60,51
1231341,58,60,57
1231342,60,63,64
1231343,54,55,60
1231344,58,66,62
1231345,56,66,53
1231346,64,59,64
1231347,59,57,61
1231348,58,65,67
1231349,57,49,58
1231350,58,56,59
1231351,57,57,47
1231352,56,57,66
1231353,59,62,53
1231354,55,56,63
1231355,58,56,58
1231356,61,65,61
1231357,61,56,64
1231358,59,60,52
1231359,59,60,58
1231360,59,56,61
1231361,59,61,61
1231362,62,63,57
1231363,54,58,62
1231364,59,68,55
1231365,59,58,55
1231366,61,57,67
1231367,62,65,68
1231368,59,55,51
1231369,59,58,58
1231370,62,57,60
1231371,62,62,62
1231372,57,62,67
1231373,64,58,61
1231374,59,62,59
1231375,64,56,56
1231376,58,64,69
1231377,57,57,53
1231378,57,66,56
1231379,56,56,54
1231380,59,61,60
1231381,66,64,58
1231382,58,66,59
1231383,61,57,52
1231384,57,54,56
1231385,58,66,56
1231386,56,68,57
1231387,57,65,56
1231388,54,61,58
1231389,57,59,59
1231390,57,61,56
1231391,59,55,56
1231392,58,58,61
1231393,54,61,65
1231394,61,63,59
1231395,65,61,57
1231396,60,64,56
1231397,58,64,64
1231398,61,64,60
1231399,59,54,59
1231400,58,57,58
1231401,59,58,57
1231402,62,58,59
1231403,58,56,54
1231404,62,58,57
1231405,56,56,57
1231406,56,67,62
1231407,57,56,56
1231408,61,59,50
1231409,62,62,65
1231410,59,48,53
1231411,57,61,60
1231412,59,62,65
1231413,61,64,59
1231414,65,54,61
1231415,57,58,57
1231416,61,58,58
1231417,59,62,69
1231418,59,56,63
1231419,59,60,61
1231420,59,58,60
1231421,61,62,57
1231422,64,59,60
1231423,60,67,57
1231424,57,64,63
1231425,62,59,54
1231426,57,55,55
1231427,65,50,59
1231428,61,56,57
1231429,59,58,55
1231430,61,62,60
1231431,60,60,53
1231432,57,57,53
1231433,59,60,49
1231434,61,55,56
1231435,62,60,54
1231436,56,60,60
1231437,56,55,56
1231438,54,62,51
1231439,59,50,67
1231440,58,59,55
1231441,65,54,60
1231442,58,59,58
1231443,57,57,63
1231444,58,61,52
1231445,57,65,50
1231446,62,55,64
1231447,59,58,62
1231448,60,57,60
1231449,61,60,67
1231450,59,56,47
1231451,66,56,58
1231452,54,63,63
1231453,55,59,67
1231454,66,57,68
1231455,54,58,66
1231456,56,61,57
1231457,59,53,69
1231458,51,61,64
1231459,61,58,63
1231460,56,55,56
1231461,64,54,54
1231462,65,56,66
1231463,61,68,58
1231464,62,54,51
1231465,55,63,57
1231466,53,60,62
1231467,53,59,61
1231468,59,58,61
1231469,63,57,54
1231470,55,64,61
1231471,60,61,60
1231472,59,53,63
1231473,58,59,64
1231474,57,65,59
1231475,60,55,56
1231476,67,57,60
1231477,64,55,60
1231478,63,54,60
1231479,60,59,61
1231480,62,58,65
1231481,60,62,67
1231482,57,66,58
1231483,57,53,59
1231484,61,64,68
1231485,63,63,57
1231486,64,60,59
1231487,59,64,61
1231488,59,60,59
1231489,60,63,56
1231490,54,61,55
1231491,68,57,61
1231492,65,54,48
1231493,58,58,66
1231494,63,58,59
1231495,60,63,69
1231496,58,50,56
1231497,57,58,59
1231498,55,62,64
1231499,59,59,62
1231500,58,63,52
1231501,57,57,60
1231502,61,68,59
1231503,64,58,63
1231504,58,59,60
1231505,59,51,58
1231506,61,57,64
1231507,57,54,55
1231508,65,69,62
1231509,56,57,59
1231510,61,53,55
1231511,62,64,60
1231512,61,62,65
1231513,62,58,62
1231514,61,53,57
1231515,66,65,50
1231516,63,58,60
1231517,62,66,58
1231518,60,66,59
1231519,60,64,56
1231520,57,61,58
1231521,59,60,62
1231522,60,61,63
1231523,55,56,65
1231524,65,58,66
1231525,64,55,62
1231526,58,60,62
1231527,58,64,59
1231528,62,63,57
1231529,61,60,63
1231530,59,59,58
1231531,59,58,60
1231532,60,63,63
1231533,63,56,56
1231534,54,63,59
1231535,63,57,61
1231536,60,63,56
1231537,58,63,67
1231538,59,53,59
1231539,56,50,63
1231540,55,57,51
1231541,58,63,59
1231542,62,60,53
1231543,60,64,59
1231544,61,55,59
1231545,55,59,67
1231546,56,61,64
1231547,58,57,61
1231548,62,55,66
1231549,60,57,55
1231550,56,60,60
1231551,53,61,59
1231552,59,64,56
1231553,60,53,61
1231554,61,56,50
1231555,64,54,62
1231556,58,60,58
1231557,59,60,58
1231558,65,63,48
1231559,61,59,58
1231560,62,59,57
1231561,60,63,64
1231562,61,58,52
1231563,55,57,57
1231564,62,60,67
1231565,62,59,55
1231566,65,56,58
1231567,60,54,52
1231568,58,55,58
1231569,61,59,67
1231570,59,63,56
1231571,59,56,67
1231572,58,56,65
1231573,59,59,57
1231574,64,63,56
1231575,59,59,63
1231576,53,68,57
1231577,57,57,60
1231578,61,58,55
1231579,66,54,46
1231580,59,54,66
1231581,56,58,65
1231582,60,60,61
1231583,57,49,62
1231584,62,57,59
1231585,56,63,63
1231586,59,59,68
1231587,58,56,66
1231588,62,62,53
1231589,61,62,54
1231590,63,62,56
1231591,56,61,56
1231592,56,63,57
1231593,57,58,61
1231594,55,51,64
1231595,60,60,61
1231596,60,61,70
1231597,59,56,55
1231598,60,59,63
1231599,56,55,55
1231600,61,55,68
1231601,59,61,55
1231602,62,59,59
1231603,59,56,58
1231604,64,58,65
1231605,58,62,61
1231606,60,61,65
1231607,61,60,64
1231608,59,64,54
1231609,61,60,54
1231610,58,67,52
1231611,62,56,59
1231612,62,55,56
1231613,61,67,69
1231614,57,58,61
1231615,63,58,51
1231616,62,48,55
1231617,56,61,55
1231618,64,58,62
1231619,61,56,62
1231620,55,58,59
1231621,61,60,59
1231622,59,56,60
1231623,64,60,58
1231624,60,58,64
1231625,56,62,68
1231626,56,60,65
1231627,61,54,58
1231628,56,58,64
1231629,65,65,58
1231630,55,59,65
1231631,63,55,59
1231632,57,59,56
1231633,62,63,48
1231634,62,58,65
1231635,60,52,59
1231636,56,63,58
1231637,62,64,57
1231638,56,61,68
1231639,54,51,56
1231640,61,52,58
1231641,60,58,57
1231642,57,67,54
1231643,57,59,53
1231644,59,72,61
1231645,64,62,63
1231646,61,57,62
1231647,60,59,62
1231648,56,58,54
1231649,58,59,55
1231650,63,64,53
1231651,61,61,54
1231652,62,63,55
1231653,55,57,63
1231654,67,67,57
1231655,58,58,63
1231656,55,60,60
1231657,56,68,64
1231658,60,60,67
1231659,63,59,59
1231660,59,51,64
1231661,55,60,61
1231662,58,59,56
1231663,59,54,50
1231664,59,59,71
1231665,63,59,64
1231666,64,60,68
1231667,62,62,51
1231668,63,55,64
1231669,59,56,59
1231670,63,54,60
1231671,63,60,58
1231672,61,60,50
1231673,60,60,67
1231674,56,59,65
1231675,63,68,63
1231676,57,63,57
1231677,63,55,55
1231678,57,60,69
1231679,58,60,56
1231680,63,58,54
1231681,63,59,61
1231682,64,58,65
1231683,63,63,60
1231684,59,69,59
1231685,60,59,64
1231686,61,56,52
1231687,59,59,66
1231688,55,60,58
1231689,62,63,61
1231690,58,52,68
1231691,65,62,57
1231692,61,59,62
1231693,57,63,65
1231694,56,62,64
1231695,61,55,59
1231696,63,59,57
1231697,67,56,60
1231698,56,61,62
1231699,60,66,63
1231700,65,60,62
1231701,60,69,61
1231702,60,68,65
1231703,63,58,63
1231704,58,60,60
1231705,61,58,65
1231706,59,58,63
1231707,62,54,57
1231708,61,57,59
1231709,57,60,68
1231710,60,64,62
1231711,63,64,70
1231712,61,52,58
1231713,56,62,66
1231714,61,62,55
1231715,62,61,63
1231716,59,60,60
1231717,62,62,63
1231718,57,62,63
1231719,65,62,60
1231720,60,57,53
1231721,55,66,60
1231722,64,62,61
1231723,58,63,51
1231724,60,59,60
1231725,56,59,61
1231726,65,65,54
1231727,63,61,52
1231728,55,56,53
1231729,60,65,61
1231730,57,56,59
1231731,59,58,60
1231732,58,54,53
1231733,58,62,63
1231734,52,65,57
1231735,64,55,64
1231736,62,60,62
1231737,63,66,62
1231738,59,60,57
1231739,53,56,56
1231740,63,62,65
1231741,63,55,56
1231742,59,49,63
1231743,58,54,59
1231744,61,57,63
1231745,58,57,62
1231746,58,58,54
1231747,54,59,54
1231748,59,59,59
1231749,61,62,58
1231750,59,63,49
1231751,58,56,54
1231752,59,61,64
1231753,62,59,52
1231754,63,61,62
1231755,60,62,60
1231756,60,59,61
1231757,57,62,57
1231758,60,60,64
1231759,55,61,66
1231760,58,65,60
1231761,62,55,51
1231762,62,60,63
1231763,65,60,64
1231764,60,61,49
1231765,61,59,61
1231766,60,61,56
1231767,55,56,65
1231768,58,58,52
1231769,60,61,59
1231770,62,61,57
1231771,57,64,65
1231772,66,61,59
1231773,59,55,65
1231774,61,68,58
1231775,58,62,60
1231776,59,57,63
1231777,59,63,49
1231778,63,56,47
1231779,65,51,54
1231780,60,59,64
1231781,59,61,55
1231782,61,54,61
1231783,63,58,66
1231784,59,60,56
1231785,59,58,63
1231786,57,59,57
1231787,56,57,62
1231788,63,62,55
1231789,54,52,65
1231790,57,64,56
1231791,60,60,62
1231792,66,56,57
1231793,64,58,70
1231794,57,63,67
1231795,61,62,61
1231796,56,56,53
1231797,59,66,49
1231798,60,58,57
1231799,62,59,60
1231800,58,67,66
1231801,60,50,65
1231802,59,58,62
1231803,60,53,56
1231804,60,58,61
1231805,58,54,53
1231806,52,54,62
1231807,59,59,59
1231808,63,59,61
1231809,61,55,62
1231810,61,64,53
1231811,57,60,59
1231812,59,58,55
1231813,64,51,48
1231814,62,56,69
1231815,57,58,56
1231816,58,58,63
1231817,62,59,65
1231818,58,53,63
1231819,57,60,61
1231820,66,58,62
1231821,54,53,67
1231822,59,58,61
1231823,63,60,59
1231824,57,58,68
1231825,59,55,62
1231826,58,64,58
1231827,60,64,56
1231828,59,51,53
1231829,60,56,65
1231830,55,60,57
1231831,64,65,59
1231832,58,58,53
1231833,60,64,60
1231834,61,61,61
1231835,60,62,59
1231836,60,64,55
1231837,61,69,57
1231838,61,61,63
1231839,57,61,57
1231840,58,61,55
1231841,57,59,59
1231842,58,55,56
1231843,60,61,57
1231844,64,65,66
1231845,54,61,59
1231846,59,67,64
1231847,61,53,60
1231848,55,61,57
1231849,61,56,54
1231850,61,52,76
1231851,60,55,56
1231852,61,62,59
1231853,64,69,61
1231854,54,59,61
1231855,54,64,62
1231856,54,56,58
1231857,61,54,62
1231858,58,59,61
1231859,66,63,61
1231860,56,58,62
1231861,60,68,58
1231862,57,66,63
1231863,58,65,63
1231864,68,57,65
1231865,57,59,57
1231866,58,61,59
1231867,63,59,57
1231868,56,64,64
1231869,55,63,51
1231870,64,56,62
1231871,61,54,64
1231872,59,59,61
1231873,58,64,59
1231874,60,60,67
1231875,58,58,59
1231876,62,60,58
1231877,63,62,62
1231878,56,53,61
1231879,57,59,57
1231880,57,53,51
1231881,64,61,59
1231882,56,60,52
1231883,66,67,61
1231884,57,62,65
1231885,63,62,59
1231886,54,60,60
1231887,57,61,58
1231888,65,59,58
1231889,58,57,63
1231890,62,66,49
1231891,55,62,56
1231892,56,59,54
1231893,57,61,55
1231894,62,60,65
1231895,63,60,65
1231896,58,57,56
1231897,59,54,52
1231898,55,59,63
1231899,58,59,58
1231900,60,57,53
1231901,60,61,56
1231902,60,57,63
1231903,63,61,62
1231904,59,56,55
1231905,54,60,56
1231906,66,64,56
1231907,60,56,56
1231908,65,63,60
1231909,56,55,56
1231910,65,63,64
1231911,59,60,65
1231912,60,59,57
1231913,62,60,61
1231914,57,62,57
1231915,54,55,53
1231916,60,54,59
1231917,62,58,64
1231918,60,57,64
1231919,63,60,55
1231920,63,58,64
1231921,60,56,59
1231922,55,57,52
1231923,59,60,66
1231924,58,60,59
1231925,55,62,56
1231926,59,64,64
1231927,62,55,56
1231928,56,60,66
1231929,61,60,57
1231930,55,62,56
1231931,61,62,57
1231932,56,56,62
1231933,59,56,68
1231934,61,63,65
1231935,66,57,57
1231936,67,61,52
1231937,64,59,53
1231938,56,57,64
1231939,57,56,55
1231940,62,58,58
1231941,59,62,55
1231942,62,57,51
1231943,60,56,59
1231944,62,58,58
1231945,61,59,64
1231946,55,56,49
1231947,61,60,60
1231948,63,54,58
1231949,57,56,68
1231950,59,60,54
1231951,56,60,56
1231952,58,58,59
1231953,57,61,52
1231954,62,51,71
1231955,64,54,52
1231956,61,64,62
1231957,59,56,57
1231958,58,58,66
1231959,57,57,56
1231960,60,56,55
1231961,64,58,53
1231962,63,60,65
1231963,62,60,61
1231964,61,61,66
1231965,56,51,55
1231966,52,56,54
1231967,57,60,63
1231968,58,55,60
1231969,57,59,58
1231970,60,59,55
1231971,62,62,55
1231972,57,61,58
1231973,59,66,57
1231974,60,51,56
1231975,61,56,65
1231976,63,58,61
1231977,62,62,56
1231978,55,60,57
1231979,61,60,67
1231980,57,60,63
1231981,61,61,67
1231982,59,63,59
1231983,59,62,58
1231984,63,56,53
1231985,63,60,64
1231986,60,63,56
1231987,60,57,74
1231988,61,54,53
1231989,57,63,54
1231990,61,59,66
1231991,60,60,56
1231992,63,57,61
1231993,61,59,62
1231994,58,63,52
1231995,56,54,69
1231996,56,63,59
1231997,60,52,64
1231998,59,65,61
1231999,58,58,55
1231000,61,66,58
1231001,57,58,56
1231002,53,58,58
1231003,57,59,55
1231004,58,58,65
1231005,59,59,57
1231006,57,59,63
1231007,62,56,59
1231008,62,60,62
1231009,60,63,67
1231010,62,60,56
1231011,56,57,62
1231012,59,70,63
1231013,57,57,56
1231014,58,65,67
1231015,60,59,53
1231016,58,60,56
1231017,58,57,57
1231018,57,58,52
1231019,54,64,49
1231020,58,58,61
1231021,62,60,68
1231022,56,57,59
1231023,59,57,55
1231024,62,58,66
1231025,63,58,55
1231026,62,51,47
1231027,59,64,60
1231028,59,53,59
1231029,58,57,68
1231030,59,59,67
1231031,59,60,64
1231032,58,60,50
1231033,61,62,62
1231034,61,54,59
1231035,58,61,68
1231036,59,56,69
1231037,58,50,58
1231038,60,60,66
1231039,55,61,59
1231040,58,59,65
1231041,59,61,57
1231042,57,62,60
1231043,61,56,60
1231044,61,60,50
1231045,52,56,55
1231046,57,67,52
1231047,62,58,58
1231048,65,62,63
1231049,60,61,66
1231050,61,54,65
1231051,59,56,62
1231052,62,57,56
1231053,64,64,57
1231054,55,62,55
1231055,59,66,51
1231056,59,60,64
1231057,60,56,59
1231058,57,61,57
1231059,56,67,66
1231060,58,61,64
1231061,64,56,64
1231062,57,58,58
1231063,56,57,51
1231064,57,63,55
1231065,56,59,65
1231066,54,53,65
1231067,60,59,59
1231068,60,54,57
1231069,58,58,58
1231070,61,55,57
1231071,58,54,63
1231072,61,65,64
1231073,61,58,53
1231074,60,59,68
1231075,60,59,60
1231076,63,64,65
1231077,59,58,64
1231078,62,62,53
1231079,60,59,62
1231080,59,60,57
1231081,58,53,63
1231082,57,57,61
1231083,59,57,57
1231084,59,65,60
1231085,57,56,53
1231086,62,61,51
1231087,60,67,62
1231088,63,63,61
1231089,63,55,65
1231090,63,60,55
1231091,60,65,55
1231092,59,59,56
1231093,57,54,60
1231094,60,53,58
1231095,58,61,56
1231096,58,54,73
1231097,56,57,54
1231098,58,63,67
1231099,55,57,52
1231100,59,60,61
1231101,55,64,56
1231102,58,67,60
1231103,62,57,52
1231104,55,56,61
1231105,60,60,67
1231106,60,59,59
1231107,57,54,65
1231108,62,56,59
1231109,56,66,65
1231110,59,60,56
1231111,56,55,49
1231112,63,70,51
1231113,60,59,54
1231114,65,60,54
1231115,66,62,48
1231116,55,51,66
1231117,59,59,50
1231118,56,65,53
1231119,61,59,58
1231120,64,51,52
1231121,58,58,64
1231122,62,64,56
1231123,65,72,63
1231124,58,58,60
1231125,61,62,54
1231126,50,57,57
1231127,59,55,59
1231128,59,56,63
1231129,63,58,56
1231130,62,61,59
1231131,59,60,55
1231132,59,50,64
1231133,59,57,67
1231134,58,62,60
1231135,63,63,65
1231136,69,54,57
1231137,62,65,56
1231138,56,59,58
1231139,61,60,62
1231140,57,57,65
1231141,61,57,58
1231142,62,60,60
1231143,65,64,54
1231144,59,61,67
1231145,58,54,64
1231146,56,59,63
1231147,64,59,62
1231148,60,57,54
1231149,56,59,62
1231150,58,59,57
1231151,58,64,58
1231152,57,58,63
1231153,64,55,65
1231154,59,56,68
1231155,62,56,69
1231156,63,65,56
1231157,66,59,67
1231158,63,62,66
1231159,55,63,66
1231160,62,61,58
1231161,54,62,55
1231162,63,64,59
1231163,55,57,66
1231164,56,67,69
1231165,60,60,59
1231166,55,60,62
1231167,59,62,60
1231168,60,62,61
1231169,61,60,56
1231170,57,58,55
1231171,57,60,58
1231172,56,58,60
1231173,55,68,59
1231174,62,62,69
1231175,58,63,58
1231176,59,66,54
1231177,65,57,47
1231178,62,60,61
1231179,62,59,60
1231180,60,57,60
1231181,60,58,57
1231182,61,56,60
1231183,59,58,69
1231184,62,60,63
1231185,64,56,62
1231186,61,61,66
1231187,65,63,55
1231188,58,58,63
1231189,58,56,60
1231190,67,67,62
1231191,64,62,51
1231192,60,57,62
1231193,63,51,50
1231194,60,65,55
1231195,63,58,61
1231196,59,60,62
1231197,64,59,60
1231198,63,58,60
1231199,62,65,53
1231200,58,56,61
1231201,61,56,52
1231202,62,62,65
1231203,55,59,55
1231204,60,60,71
1231205,62,59,62
1231206,60,67,58
1231207,61,60,57
1231208,59,55,59
1231209,61,60,59
1231210,61,59,67
1231211,55,63,62
1231212,60,58,67
1231213,58,60,59
1231214,60,60,52
1231215,56,61,69
1231216,63,55,64
1231217,61,57,52
1231218,65,56,64
1231219,61,55,59
1231220,54,54,61
1231221,56,61,55
1231222,60,61,57
1231223,62,62,56
1231224,59,66,64
1231225,60,56,52
1231226,55,61,61
1231227,59,60,64
1231228,57,61,58
1231229,62,65,62
1231230,62,59,57
1231231,57,63,57
1231232,60,50,61
1231233,61,55,60
1231234,63,53,59
1231235,57,63,60
1231236,60,61,64
1231237,55,59,63
1231238,59,58,54
1231239,57,55,59
1231240,60,58,68
1231241,60,57,62
1231242,60,55,65
1231243,57,54,65
1231244,54,58,61
1231245,60,62,70
1231246,64,66,62
1231247,55,57,55
1231248,54,57,66
1231249,59,62,55
1231250,57,51,65
1231251,55,60,66
1231252,57,59,64
1231253,54,56,56
1231254,61,58,45
1231255,56,60,64
1231256,56,64,54
1231257,62,66,64
1231258,59,48,58
1231259,60,61,66
1231260,63,64,58
1231261,65,62,71
1231262,62,59,58
1231263,59,65,58
1231264,56,59,52
1231265,62,57,60
1231266,60,64,58
1231267,62,57,56
1231268,57,62,68
1231269,61,56,65
1231270,60,57,59
1231271,56,54,60
1231272,57,56,53
1231273,57,68,65
1231274,57,53,61
1231275,64,66,60
1231276,55,65,54
1231277,63,60,55
1231278,60,57,54
1231279,66,62,66
1231280,57,57,65
1231281,61,50,63
1231282,66,66,53
1231283,57,58,72
1231284,61,63,56
1231285,59,61,55
1231286,60,62,63
1231287,62,59,64
1231288,62,58,68
1231289,58,55,72
1231290,55,67,60
1231291,56,63,62
1231292,64,59,58
1231293,60,62,52
1231294,55,58,61
1231295,59,69,55
1231296,58,59,58
1231297,58,64,51
1231298,61,60,62
1231299,60,54,49
1231300,62,60,60
1231301,65,60,63
1231302,59,59,61
1231303,58,56,58
1231304,58,62,62
1231305,58,59,68
1231306,59,57,59
1231307,58,61,61
1231308,63,61,62
1231309,60,60,71
1231310,60,58,54
1231311,56,62,62
1231312,62,60,58
1231313,57,64,65
1231314,58,61,69
1231315,58,57,60
1231316,59,61,59
1231317,60,59,59
1231318,61,51,57
1231319,56,55,59
1231320,57,65,61
1231321,61,60,66
1231322,56,64,68
1231323,60,57,60
1231324,53,63,54
1231325,65,60,67
1231326,59,60,58
1231327,63,58,64
1231328,59,58,61
1231329,61,62,56
1231330,61,61,53
1231331,59,54,60
1231332,62,62,53
1231333,61,61,59
1231334,63,57,60
1231335,56,65,56
1231336,59,59,57
1231337,59,56,66
1231338,63,66,67
1231339,63,59,74
1231340,58,61,57
1231341,62,58,54
1231342,65,59,60
1231343,59,55,47
1231344,61,63,63
1231345,56,60,67
1231346,57,61,54
1231347,58,58,61
1231348,56,62,73
1231349,61,62,59
1231350,60,57,61
1231351,62,67,65
1231352,65,58,67
1231353,59,60,55
1231354,59,61,56
1231355,62,52,57
1231356,59,54,55
1231357,57,65,55
1231358,58,63,54
1231359,59,64,62
1231360,60,67,55
1231361,63,60,63
1231362,65,67,58
1231363,55,63,55
1231364,58,58,62
1231365,56,60,59
1231366,55,61,70
1231367,58,60,61
1231368,53,55,56
1231369,59,56,64
1231370,59,62,64
1231371,64,56,49
1231372,56,58,57
1231373,55,65,55
1231374,62,50,69
1231375,60,58,56
1231376,55,57,53
1231377,57,59,57
1231378,58,59,58
1231379,61,56,49
1231380,56,50,58
1231381,64,63,50
1231382,63,55,58
1231383,59,55,62
1231384,61,60,56
1231385,64,62,61
1231386,60,54,60
1231387,57,58,61
1231388,61,50,60
1231389,63,59,58
1231390,60,57,57
1231391,58,61,64
1231392,63,54,61
1231393,58,61,58
1231394,58,53,59
1231395,56,57,59
1231396,66,60,53
1231397,58,60,50
1231398,61,58,64
1231399,64,62,63
1231400,57,56,60
1231401,63,59,48
1231402,62,51,63
1231403,62,58,56
1231404,57,58,56
1231405,58,60,63
1231406,57,65,60
1231407,57,59,52
1231408,53,58,67
1231409,63,56,56
1231410,61,60,66
1231411,61,65,59
1231412,57,58,60
1231413,61,62,63
1231414,57,54,63
1231415,59,55,60
1231416,62,58,47
1231417,54,58,59
1231418,57,55,54
1231419,57,58,59
1231420,67,67,53
1231421,63,57,59
1231422,63,53,56
1231423,61,62,57
1231424,58,60,56
1231425,58,61,51
1231426,63,61,50
1231427,56,62,61
1231428,60,62,65
1231429,61,55,64
1231430,62,58,57
1231431,61,60,55
1231432,62,64,49
1231433,64,62,58
1231434,60,69,65
1231435,60,55,60
1231436,58,57,51
1231437,61,64,55
1231438,54,63,66
1231439,59,51,57
1231440,58,57,53
1231441,59,57,56
1231442,60,63,62
1231443,68,56,52
1231444,59,61,64
1231445,62,61,68
1231446,63,62,52
1231447,57,63,69
1231448,57,66,54
1231449,58,63,55
1231450,56,59,63
1231451,61,62,57
1231452,58,60,53
1231453,55,70,56
1231454,67,65,59
1231455,63,60,65
1231456,60,56,56
1231457,56,65,58
1231458,65,55,57
1231459,58,56,66
1231460,63,57,56
1231461,58,54,54
1231462,61,60,59
1231463,56,57,57
1231464,62,58,54
1231465,57,55,59
1231466,63,59,50
1231467,63,59,50
1231468,57,63,59
1231469,59,59,64
1231470,59,57,65
1231471,54,69,67
1231472,58,62,60
1231473,64,56,75
1231474,66,55,59
1231475,56,62,60
1231476,57,56,55
1231477,61,56,56
1231478,61,59,56
1231479,58,62,61
1231480,57,62,66
1231481,60,56,68
1231482,61,60,58
1231483,57,58,61
1231484,61,64,63
1231485,67,60,62
1231486,61,58,55
1231487,57,64,61
1231488,61,56,54
1231489,60,59,55
1231490,56,63,52
1231491,58,55,56
1231492,57,62,71
1231493,57,63,60
1231494,61,62,54
1231495,56,61,51
1231496,58,63,53
1231497,58,61,57
1231498,56,52,63
1231499,61,63,59
1231500,60,60,60
1231501,61,64,59
1231502,55,61,70
1231503,59,59,62
1231504,58,67,63
1231505,63,65,62
1231506,59,62,62
1231507,56,60,57
1231508,61,58,60
1231509,54,60,60
1231510,58,64,59
1231511,58,65,64
1231512,60,56,63
1231513,58,66,60
1231514,54,61,51
1231515,66,58,55
1231516,56,58,58
1231517,60,62,58
1231518,59,58,61
1231519,57,57,55
1231520,58,57,66
1231521,61,59,56
1231522,59,57,64
1231523,61,68,61
1231524,59,55,65
1231525,60,62,57
1231526,59,58,66
1231527,60,54,62
1231528,60,57,58
1231529,53,61,58
1231530,58,64,66
1231531,59,62,63
1231532,57,56,59
1231533,60,57,63
1231534,60,67,57
1231535,64,59,64
1231536,56,55,60
1231537,56,68,62
1231538,60,59,65
1231539,60,62,68
1231540,59,56,63
1231541,59,54,64
1231542,62,57,59
1231543,64,62,48
1231544,61,61,62
1231545,57,69,59
1231546,60,61,63
1231547,58,56,73
1231548,61,62,58
1231549,66,58,61
1231550,56,61,61
1231551,56,61,54
1231552,63,62,59
1231553,63,55,60
1231554,60,60,62
1231555,56,62,62
1231556,60,64,50
1231557,57,57,57
1231558,59,55,62
1231559,56,61,61
1231560,58,62,67
1231561,59,55,57
1231562,60,58,59
1231563,65,59,57
1231564,58,59,63
1231565,56,63,63
1231566,62,54,62
1231567,62,64,58
1231568,55,55,63
1231569,57,57,65
1231570,55,52,55
1231571,55,58,59
1231572,58,52,63
1231573,66,61,61
1231574,59,62,62
1231575,61,55,62
1231576,62,56,66
1231577,64,57,60
1231578,57,63,59
1231579,63,54,50
1231580,58,62,60
1231581,64,62,60
1231582,59,58,61
1231583,65,60,51
1231584,60,58,57
1231585,59,59,62
1231586,58,54,64
1231587,57,55,56
1231588,65,58,58
1231589,60,53,62
1231590,56,54,60
1231591,57,57,58
1231592,58,57,63
1231593,58,59,60
1231594,65,62,63
1231595,56,65,51
1231596,61,64,55
1231597,63,65,59
1231598,62,58,62
1231599,61,54,67
1231600,60,59,58
1231601,56,57,54
1231602,52,53,63
1231603,54,68,65
1231604,59,62,60
1231605,60,57,62
1231606,60,55,52
1231607,59,56,61
1231608,59,59,47
1231609,60,63,60
1231610,60,61,53
1231611,61,54,60
1231612,62,62,49
1231613,61,51,69
1231614,61,59,61
1231615,57,60,59
1231616,59,57,67
1231617,59,57,62
1231618,63,57,55
1231619,61,55,62
1231620,57,59,66
1231621,56,60,64
1231622,61,57,56
1231623,62,62,52
1231624,59,56,66
1231625,59,65,58
1231626,60,66,66
1231627,60,62,64
1231628,59,67,57
1231629,61,65,60
1231630,63,51,54
1231631,60,55,57
1231632,62,56,58
1231633,60,57,56
1231634,53,59,66
1231635,59,65,54
1231636,59,56,66
1231637,60,58,54
1231638,54,56,67
1231639,64,61,60
1231640,59,61,59
1231641,61,54,65
1231642,58,56,70
1231643,54,62,61
1231644,52,57,61
1231645,60,56,57
1231646,60,62,63
1231647,59,64,58
1231648,67,57,55
1231649,63,60,49
1231650,62,60,63
1231651,66,57,57
1231652,60,61,54
1231653,53,59,56
1231654,57,56,61
1231655,56,57,64
1231656,66,61,57
1231657,60,55,64
1231658,62,57,50
1231659,55,63,56
1231660,60,64,65
1231661,56,60,64
1231662,59,59,59
1231663,61,65,65
1231664,58,57,65
1231665,56,62,53
1231666,55,59,55
1231667,58,60,58
1231668,54,63,50
1231669,59,58,56
1231670,57,58,59
1231671,58,54,62
1231672,57,59,57
1231673,57,63,71
1231674,63,62,65
1231675,61,56,72
1231676,56,59,58
1231677,58,63,74
1231678,59,59,69
1231679,64,60,59
1231680,60,53,54
1231681,60,66,60
1231682,57,57,59
1231683,58,57,61
1231684,59,53,62
1231685,62,60,56
1231686,60,60,60
1231687,57,58,61
1231688,67,62,63
1231689,60,59,54
1231690,55,66,57
1231691,57,54,59
1231692,60,61,58
1231693,61,63,64
1231694,60,65,52
1231695,56,57,56
1231696,59,58,55
1231697,61,61,59
1231698,61,66,58
1231699,59,58,55
1231700,59,59,57
1231701,63,59,53
1231702,62,52,59
1231703,60,63,60
1231704,58,57,63
1231705,62,59,64
1231706,60,65,60
1231707,57,60,59
1231708,59,60,55
1231709,65,62,65
1231710,59,67,48
1231711,53,63,58
1231712,59,60,56
1231713,64,54,61
1231714,60,64,53
1231715,66,59,61
1231716,59,64,53
1231717,59,63,55
1231718,54,63,59
1231719,64,55,65
1231720,65,60,60
1231721,57,60,69
1231722,53,58,58
1231723,60,57,58
1231724,56,60,61
1231725,58,62,59
1231726,66,54,63
1231727,63,73,58
1231728,60,59,65
1231729,62,56,59
1231730,58,65,57
1231731,60,62,69
1231732,61,59,62
1231733,57,68,52
1231734,60,60,56
1231735,63,62,46
1231736,59,60,67
1231737,59,55,57
1231738,54,52,64
1231739,57,54,55
1231740,59,68,63
1231741,64,68,60
1231742,55,60,58
1231743,62,59,57
1231744,56,65,62
1231745,57,58,58
1231746,62,70,56
1231747,55,61,66
1231748,58,61,55
1231749,51,62,55
1231750,57,63,57
1231751,55,58,63
1231752,55,54,63
1231753,55,61,56
1231754,59,63,60
1231755,62,56,60
1231756,58,61,58
1231757,59,56,58
1231758,59,55,59
1231759,60,60,51
1231760,62,60,61
1231761,64,55,67
1231762,62,65,57
1231763,62,56,58
1231764,56,57,62
1231765,55,58,53
1231766,59,58,51
1231767,53,57,62
1231768,62,53,65
1231769,60,53,58
1231770,57,54,67
1231771,60,63,60
1231772,62,65,56
1231773,56,57,51
1231774,56,63,66
1231775,61,58,54
1231776,57,64,54
1231777,56,56,63
1231778,61,59,61
1231779,59,60,66
1231780,59,57,57
1231781,55,63,53
1231782,58,60,61
1231783,52,61,57
1231784,52,57,60
1231785,56,57,62
1231786,61,56,55
1231787,58,53,61
1231788,69,62,62
1231789,61,66,62
1231790,62,63,59
1231791,57,59,53
1231792,59,59,54
1231793,59,64,65
1231794,63,65,56
1231795,63,59,61
1231796,63,65,58
1231797,62,62,56
1231798,64,66,63
1231799,64,61,59
1231800,60,58,58
1231801,61,64,58
1231802,61,65,67
1231803,60,65,57
1231804,56,56,52
1231805,60,62,56
1231806,58,53,53
1231807,64,69,62
1231808,61,59,60
1231809,63,61,60
1231810,57,57,64
1231811,59,55,56
1231812,59,60,66
1231813,64,61,55
1231814,63,56,59
1231815,57,59,53
1231816,58,64,61
1231817,61,61,68
1231818,62,58,58
1231819,59,61,55
1231820,63,60,63
1231821,65,59,66
1231822,59,61,64
1231823,57,59,60
1231824,56,58,52
1231825,63,57,66
1231826,59,56,71
1231827,64,59,64
1231828,66,60,64
1231829,60,54,51
1231830,60,56,52
1231831,65,60,58
1231832,63,59,61
1231833,61,57,59
1231834,62,62,63
1231835,63,58,68
1231836,60,56,54
1231837,63,56,59
1231838,60,57,58
1231839,56,60,62
1231840,58,61,63
1231841,61,58,64
1231842,61,58,65
1231843,58,58,62
1231844,56,56,66
1231845,60,64,68
1231846,61,59,67
1231847,59,64,67
1231848,59,65,48
1231849,61,60,63
1231850,53,67,61
1231851,62,63,60
1231852,54,59,59
1231853,55,65,61
1231854,58,63,53
1231855,59,57,63
1231856,56,58,59
1231857,57,62,53
1231858,60,63,68
1231859,63,61,65
1231860,54,66,59
1231861,62,61,62
1231862,59,59,62
1231863,60,60,63
1231864,62,58,66
1231865,62,60,51
1231866,58,61,61
1231867,64,61,69
1231868,61,54,60
1231869,54,59,66
1231870,52,51,71
1231871,60,61,62
1231872,60,62,64
1231873,64,64,59
1231874,61,58,56
1231875,64,62,57
1231876,58,61,63
1231877,57,58,64
1231878,54,62,59
1231879,59,55,57
1231880,56,61,56
1231881,59,55,62
1231882,56,59,66
1231883,61,66,54
1231884,58,64,67
1231885,59,60,63
1231886,56,62,55
1231887,59,60,66
1231888,57,59,52
1231889,63,53,64
1231890,62,58,48
1231891,58,64,56
1231892,58,67,57
1231893,60,61,60
1231894,56,60,57
1231895,55,66,59
1231896,58,62,51
1231897,59,64,56
1231898,63,64,68
1231899,62,63,66
1231900,61,63,66
1231901,58,61,67
1231902,59,52,63
1231903,63,65,65
1231904,62,64,55
1231905,59,60,59
1231906,61,58,58
1231907,58,62,59
1231908,60,58,48
1231909,57,64,60
1231910,60,60,51
1231911,58,63,58
1231912,63,63,64
1231913,62,63,59
1231914,56,57,62
1231915,58,58,52
1231916,60,56,69
1231917,63,50,72
1231918,57,59,71
1231919,64,58,67
1231920,63,62,69
1231921,62,55,68
1231922,61,64,60
1231923,62,60,65
1231924,62,49,64
1231925,58,53,63
1231926,59,59,67
1231927,64,54,65
1231928,56,52,61
1231929,57,65,66
1231930,55,60,61
1231931,56,59,59
1231932,54,55,53
1231933,59,62,59
1231934,60,62,63
1231935,60,63,55
1231936,63,64,61
1231937,61,62,55
1231938,57,59,56
1231939,56,68,57
1231940,60,59,64
1231941,64,61,60
1231942,55,57,57
1231943,62,60,58
1231944,62,58,54
1231945,62,58,59
1231946,59,67,58
1231947,62,61,70
1231948,63,59,58
1231949,57,58,63
1231950,56,60,67
1231951,60,59,61
1231952,60,63,49
1231953,60,70,64
1231954,53,62,57
1231955,65,60,64
1231956,61,58,55
1231957,54,67,62
1231958,59,62,68
1231959,62,60,63
1231960,62,65,64
1231961,62,60,63
1231962,58,61,60
1231963,52,65,61
1231964,65,65,66
1231965,61,61,65
1231966,56,56,71
1231967,57,61,62
1231968,61,60,60
1231969,58,57,61
1231970,58,63,59
1231971,62,60,60
1231972,64,65,56
1231973,51,65,55
1231974,56,62,49
1231975,63,60,58
1231976,65,56,63
1231977,59,58,59
1231978,57,60,57
1231979,64,55,64
1231980,59,62,61
1231981,52,62,63
1231982,61,59,54
1231983,62,62,56
1231984,60,61,58
1231985,67,55,59
1231986,59,59,67
1231987,61,60,60
1231988,54,62,68
1231989,60,57,63
1231990,64,60,58
1231991,56,54,63
1231992,61,62,62
1231993,56,63,55
1231994,57,65,64
1231995,55,60,56
1231996,57,61,66
1231997,60,54,53
1231998,57,64,65
1231999,63,63,57
1232000,64,61,57
1232001,56,58,61
1232002,59,58,67
1232003,58,58,58
1232004,60,61,57
1232005,56,59,56
1232006,56,56,64
1232007,58,57,65
1232008,58,56,61
1232009,66,58,57
1232010,56,63,54
1232011,57,63,68
1232012,56,61,57
1232013,55,65,63
1232014,68,67,60
1232015,58,57,52
1232016,60,57,56
1232017,56,59,64
1232018,61,63,57
1232019,58,66,66
1232020,54,63,48
1232021,57,72,52
1232022,60,62,59
1232023,52,59,61
1232024,62,53,66
1232025,61,64,61
1232026,59,58,63
1232027,65,64,62
1232028,62,56,65
1232029,56,59,57
1232030,58,61,59
1232031,59,58,57
1232032,55,56,56
1232033,60,57,65
1232034,57,59,59
1232035,52,61,60
1232036,59,62,55
1232037,63,63,62
1232038,63,57,56
1232039,61,59,64
1232040,57,65,62
1232041,58,59,58
1232042,60,55,58
1232043,59,63,54
1232044,59,64,56
1232045,58,64,59
1232046,57,55,59
1232047,56,61,50
1232048,57,56,61
1232049,56,49,64
1232050,61,54,69
1232051,59,59,64
1232052,55,65,55
1232053,61,63,57
1232054,62,62,60
1232055,55,70,63
1232056,58,62,60
1232057,65,54,63
1232058,58,58,66
1232059,59,60,63
1232060,60,60,69
1232061,61,63,69
1232062,62,72,66
1232063,61,57,59
1232064,58,64,67
1232065,58,68,67
1232066,58,60,61
1232067,61,53,61
1232068,63,61,54
1232069,56,59,64
1232070,56,61,65
1232071,63,61,56
1232072,57,62,66
1232073,66,59,58
1232074,61,56,64
1232075,60,58,57
1232076,56,61,59
1232077,61,55,56
1232078,63,60,63
1232079,62,54,59
1232080,56,55,59
1232081,55,64,62
1232082,58,62,58
1232083,58,60,63
1232084,62,61,54
1232085,58,57,66
1232086,62,63,62
1232087,56,60,62
1232088,65,63,64
1232089,57,64,56
1232090,64,55,61
1232091,61,56,60
1232092,58,59,61
1232093,61,60,63
1232094,59,58,56
1232095,60,57,60
1232096,55,58,64
1232097,55,64,54
1232098,63,59,64
1232099,61,63,52
1232100,59,55,68
1232101,57,61,58
1232102,60,64,61
1232103,55,61,59
1232104,62,60,65
1232105,63,55,56
1232106,59,64,58
1232107,64,59,58
1232108,56,59,68
1232109,67,58,51
1232110,61,62,61
1232111,61,58,61
1232112,59,61,57
1232113,58,57,61
1232114,55,58,57
1232115,63,62,58
1232116,61,61,62
1232117,64,53,61
1232118,56,55,57
1232119,56,62,59
1232120,61,62,65
1232121,53,62,66
1232122,56,53,61
1232123,61,54,55
1232124,56,61,69
1232125,54,64,63
1232126,60,62,59
1232127,55,63,52
1232128,56,59,50
1232129,67,65,66
1232130,61,60,59
1232131,59,58,58
1232132,58,62,64
1232133,62,66,62
1232134,60,63,50
1232135,62,58,65
1232136,57,57,65
1232137,63,54,55
1232138,62,63,58
1232139,63,59,59
1232140,62,63,62
1232141,65,51,63
1232142,65,61,62
1232143,54,62,59
1232144,61,57,62
1232145,57,55,58
1232146,57,55,60
1232147,52,58,56
1232148,57,61,49
1232149,58,55,60
1232150,59,56,62
1232151,67,60,59
1232152,59,53,66
1232153,59,55,70
1232154,59,71,60
1232155,56,62,58
1232156,62,59,58
1232157,55,65,57
1232158,59,62,61
1232159,59,58,60
1232160,62,58,51
1232161,56,56,54
1232162,63,54,53
1232163,58,54,56
1232164,60,51,62
1232165,61,56,65
1232166,60,61,61
1232167,60,59,60
1232168,59,54,56
1232169,68,63,58
1232170,55,60,56
1232171,56,52,64
1232172,58,58,57
1232173,56,60,66
1232174,58,65,62
1232175,55,62,59
1232176,55,60,52
1232177,56,62,55
1232178,60,54,64
1232179,62,58,64
1232180,56,59,62
1232181,66,58,60
1232182,62,62,66
1232183,54,64,60
1232184,57,60,59
1232185,55,60,54
1232186,62,59,53
1232187,57,54,64
1232188,58,59,70
1232189,59,65,60
1232190,58,56,50
1232191,61,62,58
1232192,60,57,68
1232193,64,59,57
1232194,65,66,61
1232195,61,62,71
1232196,62,63,62
1232197,58,59,66
1232198,62,53,62
1232199,57,60,62
1232200,60,59,58
1232201,61,59,55
1232202,57,61,59
1232203,55,53,67
1232204,62,66,62
1232205,60,57,57
1232206,64,67,60
1232207,59,62,57
1232208,61,58,64
1232209,56,56,58
1232210,57,57,53
1232211,53,58,60
1232212,62,59,64
1232213,62,59,56
1232214,69,55,55
1232215,58,67,54
1232216,60,60,67
1232217,64,54,63
1232218,58,59,58
1232219,58,57,55
1232220,64,58,68
1232221,57,63,64
1232222,67,53,61
1232223,60,55,62
1232224,61,54,58
1232225,58,55,52
1232226,57,58,65
1232227,65,58,60
1232228,58,60,52
1232229,59,61,65
1232230,57,61,64
1232231,59,59,57
1232232,60,56,56
1232233,58,57,58
1232234,59,62,52
1232235,58,58,61
1232236,56,62,65
1232237,58,63,59
1232238,61,56,51
1232239,60,59,56
1232240,61,60,63
1232241,59,55,60
1232242,62,60,55
1232243,58,65,54
1232244,67,56,61
1232245,61,60,67
1232246,59,48,64
1232247,61,68,61
1232248,58,55,63
1232249,55,66,53
1232250,58,58,62
1232251,65,58,58
1232252,62,59,63
1232253,59,63,53
1232254,61,67,55
1232255,59,59,58
1232256,58,63,66
1232257,57,51,57
1232258,61,58,60
1232259,57,60,77
1232260,58,56,58
1232261,57,58,60
1232262,61,60,64
1232263,63,58,56
1232264,60,62,54
1232265,65,60,64
1232266,61,58,58
1232267,61,65,69
1232268,61,60,60
1232269,59,55,48
1232270,58,59,66
1232271,60,60,56
1232272,58,61,57
1232273,54,53,69
1232274,64,61,56
1232275,64,61,57
1232276,59,59,58
1232277,54,56,61
1232278,59,58,59
1232279,57,65,61
1232280,56,58,47
1232281,56,60,57
1232282,63,66,60
1232283,58,60,59
1232284,58,56,57
1232285,62,57,53
1232286,61,59,53
1232287,59,60,51
1232288,63,60,70
1232289,58,53,59
1232290,60,59,64
1232291,64,55,51
1232292,65,57,57
1232293,58,55,63
1232294,57,54,57
1232295,57,55,66
1232296,56,57,63
1232297,57,58,52
1232298,58,57,51
1232299,57,61,59
1232300,60,53,58
1232301,54,61,54
1232302,60,69,60
1232303,62,67,59
1232304,55,63,59
1232305,61,62,69
1232306,58,57,54
1232307,61,62,68
1232308,57,62,69
1232309,58,63,60
1232310,61,65,55
1232311,60,58,58
1232312,61,56,69
1232313,59,58,59
1232314,59,60,69
1232315,62,60,59
1232316,58,64,54
1232317,60,61,65
1232318,58,58,57
1232319,66,61,61
1232320,60,60,53
1232321,68,66,60
1232322,63,60,63
1232323,59,61,59
1232324,62,61,61
1232325,63,57,52
1232326,59,60,57
1232327,54,56,53
1232328,61,56,58
1232329,56,61,61
1232330,60,50,65
1232331,59,57,64
1232332,60,62,68
1232333,61,56,58
1232334,57,59,68
1232335,64,60,57
1232336,58,52,66
1232337,60,58,63
1232338,60,56,58
1232339,62,51,64
1232340,58,53,59
1232341,54,58,55
1232342,58,50,57
1232343,55,61,61
1232344,62,56,59
1232345,60,59,65
1232346,56,50,65
1232347,62,58,64
1232348,61,61,54
1232349,63,66,61
1232350,62,59,64
1232351,60,54,63
1232352,60,54,71
1232353,61,57,56
1232354,62,52,65
1232355,63,51,60
1232356,60,62,65
1232357,56,57,55
1232358,58,66,57
1232359,63,63,61
1232360,55,57,63
1232361,56,58,55
1232362,60,59,58
1232363,62,67,57
1232364,60,52,67
1232365,58,64,51
1232366,56,63,50
1232367,62,58,69
1232368,52,58,55
1232369,58,64,61
1232370,59,65,53
1232371,61,65,58
1232372,55,56,59
1232373,60,56,67
1232374,61,52,73
1232375,60,56,60
1232376,60,55,65
1232377,62,58,55
1232378,56,58,56
1232379,60,61,60
1232380,57,57,62
1232381,61,60,57
1232382,58,57,60
1232383,55,56,62
1232384,58,63,62
1232385,54,59,57
1232386,64,61,71
1232387,60,53,65
1232388,55,63,59
1232389,58,53,65
1232390,60,70,56
1232391,59,63,64
1232392,60,65,53
1232393,59,57,61
1232394,61,61,65
1232395,61,57,51
1232396,64,57,60
1232397,61,58,59
1232398,60,59,66
1232399,58,62,56
1232400,54,58,62
1232401,60,57,62
1232402,62,61,60
1232403,63,53,55
1232404,58,58,49
1232405,59,55,63
1232406,55,64,57
1232407,60,63,55
1232408,63,62,63
1232409,64,51,52
1232410,58,55,70
1232411,60,58,60
1232412,63,60,62
1232413,62,56,58
1232414,56,63,56
1232415,63,58,66
1232416,62,56,61
1232417,56,60,63
1232418,60,55,54
1232419,57,58,60
1232420,59,67,62
1232421,63,61,50
1232422,58,57,62
1232423,56,57,65
1232424,59,60,61
1232425,63,65,51
1232426,62,63,58
1232427,63,63,58
1232428,61,60,53
1232429,63,55,54
1232430,61,57,64
1232431,63,60,60
1232432,54,66,57
1232433,63,57,66
1232434,59,64,53
1232435,59,64,64
1232436,53,56,62
1232437,61,58,62
1232438,57,71,62
1232439,60,62,62
1232440,61,57,56
1232441,59,56,59
1232442,62,58,57
1232443,65,59,62
1232444,59,57,59
1232445,59,56,59
1232446,56,56,59
1232447,62,56,69
1232448,57,56,59
1232449,61,60,60
1232450,68,61,65
1232451,59,66,66
1232452,58,62,61
1232453,59,58,64
1232454,63,56,66
1232455,57,64,62
1232456,61,59,51
1232457,58,54,61
1232458,60,65,45
1232459,60,62,53
1232460,62,60,59
1232461,60,60,63
1232462,57,60,61
1232463,63,54,53
1232464,62,62,64
1232465,58,68,61
1232466,58,62,70
1232467,57,60,58
1232468,60,62,61
1232469,57,63,55
1232470,62,62,64
1232471,59,58,62
1232472,62,55,66
1232473,56,59,55
1232474,59,59,58
1232475,57,63,62
1232476,60,59,54
1232477,58,58,58
1232478,62,59,63
1232479,63,69,62
1232480,57,68,60
1232481,61,57,60
1232482,54,64,60
1232483,60,63,58
1232484,56,59,67
1232485,61,59,66
1232486,54,60,69
1232487,57,59,62
1232488,59,63,61
1232489,57,50,52
1232490,56,56,45
1232491,62,57,51
1232492,64,53,54
1232493,59,59,64
1232494,56,62,59
1232495,57,64,63
1232496,60,57,62
1232497,60,57,65
1232498,58,59,62
1232499,57,52,59
1232500,66,57,52
1232501,58,65,67
1232502,64,59,61
1232503,65,65,60
1232504,56,50,52
1232505,62,57,58
1232506,56,56,49
1232507,63,54,57
1232508,62,63,64
1232509,58,58,56
1232510,63,66,57
1232511,59,61,57
1232512,60,65,54
1232513,62,63,53
1232514,58,64,57
1232515,60,63,63
1232516,67,56,60
1232517,59,56,56
1232518,61,50,51
1232519,57,59,57
1232520,60,63,53
1232521,58,53,62
1232522,62,62,56
1232523,61,48,59
1232524,60,66,54
1232525,62,59,57
1232526,53,53,58
1232527,58,55,54
1232528,63,58,62
1232529,62,62,55
1232530,57,57,60
1232531,59,64,54
1232532,62,62,66
1232533,56,54,55
1232534,59,64,55
1232535,53,64,59
1232536,60,62,58
1232537,55,53,59
1232538,53,55,60
1232539,58,55,62
1232540,58,61,55
1232541,59,59,65
1232542,58,56,66
1232543,63,63,60
1232544,58,63,61
1232545,53,60,61
1232546,57,56,61
1232547,59,62,50
1232548,64,61,56
1232549,56,56,61
1232550,59,53,55
1232551,58,62,56
1232552,61,63,62
1232553,60,56,55
1232554,58,58,58
1232555,63,61,57
1232556,56,60,63
1232557,57,56,59
1232558,56,68,57
1232559,56,62,63
1232560,58,66,58
1232561,64,52,60
1232562,59,59,61
1232563,56,59,59
1232564,64,56,66
1232565,61,52,64
1232566,62,60,53
1232567,58,53,66
1232568,60,59,58
1232569,56,54,64
1232570,62,69,62
1232571,60,62,64
1232572,62,63,62
1232573,59,61,58
1232574,64,61,58
1232575,58,59,56
1232576,54,65,60
1232577,61,57,60
1232578,63,55,57
1232579,67,61,55
1232580,64,61,64
1232581,59,63,65
1232582,58,62,55
1232583,62,60,61
1232584,64,58,56
1232585,56,59,56
1232586,53,62,51
1232587,59,60,53
1232588,59,56,66
1232589,66,58,63
1232590,59,65,53
1232591,60,60,67
1232592,61,58,65
1232593,61,58,66
1232594,58,69,66
1232595,62,55,70
1232596,59,62,49
1232597,62,50,63
1232598,61,57,53
1232599,66,64,65
1232600,63,56,60
1232601,57,68,53
1232602,59,62,55
1232603,59,62,63
1232604,62,60,56
1232605,59,56,58
1232606,60,63,60
1232607,57,58,64
1232608,61,58,58
1232609,56,60,59
1232610,60,57,58
1232611,55,55,59
1232612,58,58,60
1232613,63,66,70
1232614,57,60,57
1232615,60,61,63
1232616,54,57,70
1232617,59,56,51
1232618,58,58,51
1232619,56,60,57
1232620,54,55,59
1232621,59,57,57
1232622,62,61,53
1232623,59,63,60
1232624,55,64,59
1232625,58,63,63
1232626,59,59,59
1232627,57,60,55
1232628,55,62,64
1232629,63,58,61
1232630,61,47,59
1232631,60,61,61
1232632,64,62,60
1232633,54,60,60
1232634,56,56,57
1232635,58,53,63
1232636,56,52,52
1232637,62,53,58
1232638,61,62,65
1232639,62,59,60
1232640,58,61,52
1232641,59,55,63
1232642,60,67,54
1232643,61,59,55
1232644,63,53,62
1232645,58,64,58
1232646,60,56,54
1232647,56,61,66
1232648,60,54,60
1232649,58,53,61
1232650,58,54,68
1232651,56,64,67
1232652,63,64,56
1232653,55,57,54
1232654,63,59,48
1232655,62,63,61
1232656,62,60,60
1232657,58,64,55
1232658,57,60,65
1232659,58,63,53
1232660,55,59,64
1232661,55,59,55
1232662,64,64,57
1232663,59,62,62
1232664,53,64,69
1232665,65,64,53
1232666,64,61,54
1232667,61,61,59
1232668,54,60,63
1232669,60,60,57
1232670,58,61,55
1232671,65,53,56
1232672,60,57,50
1232673,57,62,57
1232674,65,66,65
1232675,60,57,69
1232676,61,66,57
1232677,57,65,69
1232678,59,58,57
1232679,56,60,61
1232680,59,63,60
1232681,57,67,65
1232682,62,60,61
1232683,60,57,55
1232684,59,63,65
1232685,58,54,55
1232686,65,58,58
1232687,56,50,50
1232688,61,62,62
1232689,62,63,57
1232690,64,61,58
1232691,58,58,69
1232692,61,61,71
1232693,59,60,56
1232694,62,66,65
1232695,57,49,59
1232696,54,55,53
1232697,60,63,57
1232698,57,60,54
1232699,58,57,58
1232700,61,55,57
1232701,62,63,58
1232702,57,67,64
1232703,61,58,62
1232704,63,52,53
1232705,57,55,64
1232706,63,60,57
1232707,61,57,60
1232708,61,54,55
1232709,58,57,64
1232710,64,59,52
1232711,58,54,63
1232712,60,58,57
1232713,61,60,51
1232714,64,57,62
1232715,58,61,62
1232716,64,59,71
1232717,61,64,62
1232718,61,60,53
1232719,56,60,65
1232720,58,60,58
1232721,60,60,65
1232722,57,58,54
1232723,65,62,62
1232724,62,52,58
1232725,55,55,57
1232726,62,64,56
1232727,59,57,65
1232728,58,61,57
1232729,59,62,52
1232730,63,59,56
1232731,60,58,58
1232732,59,64,64
1232733,65,52,52
1232734,54,64,59
1232735,60,64,63
1232736,64,53,57
1232737,58,61,54
1232738,54,62,60
1232739,56,50,51
1232740,56,56,60
1232741,55,63,63
1232742,57,65,54
1232743,62,64,55
1232744,65,59,54
1232745,64,56,61
1232746,59,66,64
1232747,56,60,64
1232748,59,61,55
1232749,58,56,58
1232750,57,59,62
1232751,58,59,66
1232752,62,62,61
1232753,56,57,55
1232754,55,50,57
1232755,59,55,67
1232756,59,67,52
1232757,58,64,62
1232758,60,66,59
1232759,61,61,59
1232760,57,53,65
1232761,61,63,64
1232762,66,60,61
1232763,61,59,58
1232764,57,55,59
1232765,59,70,68
1232766,63,56,66
1232767,57,57,65
1232768,63,57,56
1232769,61,56,61
1232770,59,59,67
1232771,58,57,63
1232772,59,54,59
1232773,52,59,59
1232774,64,57,51
1232775,57,61,58
1232776,63,53,61
1232777,61,60,59
1232778,58,64,67
1232779,59,57,57
1232780,63,57,61
1232781,60,53,52
1232782,56,54,50
1232783,61,62,59
1232784,62,54,65
1232785,64,55,61
1232786,54,68,54
1232787,62,61,60
1232788,56,61,58
1232789,61,59,61
1232790,57,60,61
1232791,60,54,60
1232792,65,59,54
1232793,63,61,58
1232794,64,64,65
1232795,65,61,59
1232796,63,58,58
1232797,56,55,60
1232798,64,67,62
1232799,55,58,63
1232800,55,58,57
1232801,61,61,58
1232802,57,60,58
1232803,63,60,58
1232804,60,57,66
1232805,59,59,64
1232806,64,52,71
1232807,57,55,62
1232808,56,62,52
1232809,62,53,54
1232810,62,55,65
1232811,68,61,62
1232812,62,60,61
1232813,56,65,62
1232814,64,63,49
1232815,59,64,59
1232816,61,64,68
1232817,58,56,56
1232818,58,62,57
1232819,61,62,57
1232820,60,61,51
1232821,60,64,57
1232822,55,62,61
1232823,63,60,61
1232824,59,61,55
1232825,56,66,57
1232826,59,60,61
1232827,58,64,56
1232828,56,62,63
1232829,58,67,63
1232830,63,57,72
1232831,60,54,61
1232832,64,59,68
1232833,60,62,60
1232834,61,62,58
1232835,60,61,59
1232836,60,51,59
1232837,61,61,57
1232838,59,71,60
1232839,64,59,61
1232840,56,56,61
1232841,63,48,59
1232842,58,56,55
1232843,58,52,56
1232844,60,60,63
1232845,66,64,63
1232846,57,60,60
1232847,57,58,50
1232848,59,49,59
1232849,59,60,53
1232850,58,56,60
1232851,62,65,62
1232852,56,58,62
1232853,63,61,58
1232854,57,54,63
1232855,58,63,58
1232856,55,60,63
1232857,58,64,56
1232858,58,66,62
1232859,59,54,60
1232860,58,63,59
1232861,58,57,64
1232862,58,55,66
1232863,52,56,66
1232864,66,65,57
1232865,61,65,58
1232866,56,61,60
1232867,62,56,60
1232868,60,67,58
1232869,55,67,69
1232870,60,59,59
1232871,59,65,61
1232872,64,58,62
1232873,61,55,60
1232874,58,57,48
1232875,60,55,60
1232876,63,60,51
1232877,55,60,51
1232878,59,59,54
1232879,61,59,57
1232880,62,60,61
1232881,55,70,54
1232882,54,55,62
1232883,61,61,54
1232884,60,64,59
1232885,64,62,64
1232886,59,60,58
1232887,60,54,59
1232888,61,64,63
1232889,64,62,60
1232890,65,54,67
1232891,54,56,63
1232892,63,58,57
1232893,61,58,65
1232894,60,62,59
1232895,61,58,62
1232896,64,62,61
1232897,56,60,58
1232898,67,56,61
1232899,62,63,61
1232900,57,58,60
1232901,60,52,59
1232902,62,60,53
1232903,58,60,58
1232904,57,59,59
1232905,62,62,57
1232906,60,63,61
1232907,64,55,55
1232908,59,63,58
1232909,61,57,61
1232910,58,55,61
1232911,59,59,52
1232912,58,59,53
1232913,59,60,43
1232914,59,60,57
1232915,62,62,51
1232916,54,54,62
1232917,57,61,52
1232918,60,60,46
1232919,58,61,53
1232920,65,60,56
1232921,58,58,60
1232922,58,58,55
1232923,61,61,57
1232924,56,60,64
1232925,61,63,59
1232926,62,58,76
1232927,57,58,62
1232928,60,64,57
1232929,64,63,70
1232930,59,54,66
1232931,61,61,49
1232932,64,64,56
1232933,58,61,62
1232934,55,61,62
1232935,60,59,60
1232936,65,60,58
1232937,63,62,61
1232938,58,55,52
1232939,61,64,64
1232940,59,59,53
1232941,62,61,48
1232942,60,64,58
1232943,58,58,58
1232944,58,56,66
1232945,57,51,63
1232946,59,58,52
1232947,58,66,56
1232948,62,63,60
1232949,55,59,63
1232950,64,58,67
1232951,61,53,64
1232952,60,61,64
1232953,57,59,58
1232954,58,64,61
1232955,61,58,61
1232956,64,61,60
1232957,54,70,59
1232958,62,59,52
1232959,53,56,44
1232960,53,57,63
1232961,52,58,59
1232962,53,53,53
1232963,60,60,55
1232964,56,57,53
1232965,60,56,63
1232966,63,58,55
1232967,59,54,66
1232968,65,64,55
1232969,57,61,64
1232970,60,60,54
1232971,59,59,49
1232972,61,57,59
1232973,57,68,65
1232974,59,63,63
1232975,60,62,62
1232976,62,56,61
1232977,58,59,64
1232978,65,62,63
1232979,60,57,60
1232980,63,57,61
1232981,57,61,54
1232982,63,59,64
1232983,62,65,61
1232984,61,62,57
1232985,62,59,63
1232986,65,56,63
1232987,57,60,56
1232988,56,58,52
1232989,59,62,66
1232990,60,63,59
1232991,55,66,65
1232992,62,72,58
1232993,54,63,61
1232994,57,61,50
1232995,64,59,47
1232996,59,62,62
1232997,64,59,64
1232998,57,61,53
1232999,58,60,53
