1231000,60,60,62
1231001,62,61,55
1231002,62,63,61
1231003,54,64,61
1231004,61,54,62
1231005,58,57,59
1231006,60,56,62
1231007,58,60,59
1231008,62,60,46
1231009,58,55,58
1231010,60,56,49
1231011,56,59,61
1231012,61,65,64
1231013,58,64,51
1231014,58,53,62
1231015,62,63,58
1231016,56,56,65
1231017,59,58,63
1231018,55,57,59
1231019,57,62,62
1231020,63,65,57
1231021,60,63,64
1231022,57,58,53
1231023,56,64,59
1231024,61,59,59
1231025,61,51,52
1231026,56,63,57
1231027,59,72,55
1231028,59,63,61
1231029,64,69,56
1231030,66,66,60
1231031,58,57,53
1231032,59,60,58
1231033,59,56,51
1231034,64,53,55
1231035,67,57,55
1231036,60,63,73
1231037,59,56,58
1231038,61,60,56
1231039,60,56,55
1231040,59,61,64
1231041,56,61,73
1231042,58,63,51
1231043,63,61,56
1231044,57,61,60
1231045,59,58,56
1231046,62,58,63
1231047,57,59,57
1231048,60,61,73
1231049,58,59,57
1231050,59,64,63
1231051,60,58,50
1231052,55,58,58
1231053,64,57,62
1231054,58,62,46
1231055,59,61,69
1231056,53,58,59
1231057,61,59,57
1231058,55,64,56
1231059,64,60,59
1231060,58,64,68
1231061,66,58,62
1231062,60,56,60
1231063,61,59,61
1231064,58,62,59
1231065,65,53,56
1231066,56,62,63
1231067,55,60,58
1231068,61,60,54
1231069,60,58,65
1231070,58,58,63
1231071,60,59,64
1231072,59,65,59
1231073,56,57,63
1231074,57,61,47
1231075,61,66,56
1231076,57,59,58
1231077,58,60,63
1231078,54,55,59
1231079,57,54,57
1231080,57,57,67
1231081,56,74,66
1231082,63,58,63
1231083,58,59,66
1231084,56,60,55
1231085,53,61,58
1231086,64,66,62
1231087,60,57,55
1231088,54,64,56
1231089,63,56,66
1231090,65,53,69
1231091,63,59,66
1231092,55,59,59
1231093,56,56,60
1231094,57,66,59
1231095,57,62,61
1231096,58,58,68
1231097,61,58,66
1231098,59,64,67
1231099,62,65,67
1231100,62,63,60
1231101,57,55,51
1231102,62,56,54
1231103,57,62,63
1231104,58,61,67
1231105,56,64,56
1231106,56,58,59
1231107,60,58,56
1231108,63,55,66
1231109,56,59,49
1231110,63,59,64
1231111,59,60,70
1231112,66,63,69
1231113,60,63,70
1231114,59,63,62
1231115,60,59,62
1231116,61,54,56
1231117,61,59,55
1231118,62,65,68
1231119,60,55,61
1231120,58,60,65
1231121,60,57,56
1231122,59,61,63
1231123,63,62,61
1231124,61,59,54
1231125,58,58,56
1231126,61,63,54
1231127,57,66,57
1231128,63,59,51
1231129,57,71,55
1231130,57,67,57
1231131,56,52,71
1231132,57,64,56
1231133,60,64,58
1231134,59,61,58
1231135,64,57,58
1231136,62,67,57
1231137,62,58,51
1231138,56,60,61
1231139,59,66,54
1231140,57,54,58
1231141,63,56,51
1231142,62,60,73
1231143,57,55,62
1231144,60,56,58
1231145,55,56,57
1231146,59,54,52
1231147,59,64,70
1231148,58,64,62
1231149,59,56,56
1231150,51,58,57
1231151,60,57,54
1231152,62,67,61
1231153,56,59,58
1231154,62,55,57
1231155,57,57,58
1231156,60,64,69
1231157,63,67,57
1231158,64,59,65
1231159,63,63,59
1231160,59,56,53
1231161,61,56,59
1231162,62,57,58
1231163,59,58,50
1231164,57,62,61
1231165,59,59,52
1231166,59,61,57
1231167,56,59,60
1231168,63,57,60
1231169,64,57,61
1231170,58,58,60
1231171,60,63,57
1231172,56,54,61
1231173,57,60,63
1231174,58,63,67
1231175,62,55,54
1231176,56,54,46
1231177,60,59,58
1231178,55,57,58
1231179,60,65,54
1231180,57,62,59
1231181,58,62,65
1231182,65,60,57
1231183,66,62,61
1231184,64,65,45
1231185,57,60,57
1231186,56,59,53
1231187,62,62,70
1231188,58,65,56
1231189,62,56,66
1231190,65,64,60
1231191,53,60,54
1231192,62,55,64
1231193,58,55,61
1231194,59,55,44
1231195,55,61,56
1231196,60,57,55
1231197,58,59,56
1231198,59,65,68
1231199,57,58,49
1231200,60,62,57
1231201,56,62,58
1231202,61,62,60
1231203,61,66,56
1231204,54,64,59
1231205,55,56,76
1231206,53,57,61
1231207,61,63,54
1231208,64,57,60
1231209,57,56,66
1231210,57,54,61
1231211,61,57,55
1231212,58,58,61
1231213,56,56,55
1231214,61,64,71
1231215,58,64,61
1231216,58,60,62
1231217,64,59,56
1231218,58,61,61
1231219,59,56,64
1231220,56,59,61
1231221,61,56,62
1231222,61,62,54
1231223,57,60,62
1231224,54,64,58
1231225,61,61,55
1231226,61,54,61
1231227,60,58,56
1231228,65,66,59
1231229,58,58,65
1231230,58,57,70
1231231,64,62,55
1231232,62,62,62
1231233,53,57,64
1231234,58,59,54
1231235,71,62,69
1231236,60,58,59
1231237,63,57,57
1231238,64,68,56
1231239,54,54,60
1231240,61,57,52
1231241,55,62,58
1231242,53,59,65
1231243,60,63,54
1231244,60,58,59
1231245,57,60,54
1231246,60,64,59
1231247,61,58,51
1231248,59,58,64
1231249,61,57,63
1231250,58,56,64
1231251,61,57,48
1231252,58,53,51
1231253,56,59,57
1231254,63,64,56
1231255,58,64,61
1231256,58,61,51
1231257,56,57,60
1231258,67,53,54
1231259,60,61,53
1231260,59,70,57
1231261,60,58,59
1231262,62,61,59
1231263,62,58,61
1231264,58,57,56
1231265,54,54,69
1231266,56,66,56
1231267,60,61,64
1231268,55,64,63
1231269,59,58,59
1231270,57,59,61
1231271,56,57,64
1231272,62,60,57
1231273,58,55,63
1231274,59,63,46
1231275,56,60,58
1231276,58,52,57
1231277,55,58,60
1231278,62,53,52
1231279,53,64,51
1231280,59,60,66
1231281,59,67,53
1231282,60,60,52
1231283,58,62,60
1231284,60,56,71
1231285,54,62,50
1231286,55,67,62
1231287,62,57,55
1231288,65,55,59
1231289,60,59,64
1231290,57,56,54
1231291,61,58,56
1231292,54,56,65
1231293,61,65,61
1231294,58,64,59
1231295,59,57,67
1231296,64,63,62
1231297,60,58,61
1231298,58,67,60
1231299,61,61,61
1231300,62,57,60
1231301,59,62,60
1231302,63,60,55
1231303,60,58,62
1231304,59,59,66
1231305,61,65,57
1231306,60,65,69
1231307,59,55,63
1231308,61,64,54
1231309,60,60,62
1231310,59,62,64
1231311,62,58,56
1231312,62,62,61
1231313,56,60,55
1231314,63,61,50
1231315,63,59,58
1231316,58,51,54
1231317,65,54,63
1231318,58,60,65
1231319,61,59,57
1231320,58,62,62
1231321,59,56,63
1231322,60,55,60
1231323,58,63,59
1231324,62,63,54
1231325,58,60,63
1231326,60,51,62
1231327,65,66,55
1231328,62,62,55
1231329,61,59,62
1231330,53,56,53
1231331,57,61,64
1231332,64,62,63
1231333,60,54,61
1231334,64,57,59
1231335,59,60,54
1231336,56,60,68
1231337,58,56,67
1231338,56,64,55
1231339,60,59,62
1231340,57,60,61
1231341,63,58,56
1231342,60,64,55
1231343,62,64,61
1231344,61,60,64
1231345,64,51,57
1231346,57,54,55
1231347,61,55,60
1231348,59,55,57
1231349,62,59,67
1231350,60,65,55
1231351,63,61,60
1231352,60,60,57
1231353,54,61,64
1231354,54,54,57
1231355,54,56,56
1231356,61,53,56
1231357,57,51,59
1231358,62,54,59
1231359,58,66,60
1231360,64,54,57
1231361,59,59,58
1231362,60,63,58
1231363,57,65,65
1231364,60,60,67
1231365,60,64,61
1231366,58,60,62
1231367,58,57,58
1231368,64,60,62
1231369,53,64,62
1231370,55,61,70
1231371,66,62,66
1231372,53,57,64
1231373,66,60,63
1231374,58,63,55
1231375,56,60,60
1231376,61,59,54
1231377,57,66,54
1231378,62,61,66
1231379,57,61,63
1231380,58,59,58
1231381,55,68,50
1231382,60,61,61
1231383,57,61,73
1231384,64,57,68
1231385,61,62,59
1231386,58,62,64
1231387,61,62,61
1231388,62,53,55
1231389,59,53,58
1231390,56,58,67
1231391,53,60,59
1231392,57,67,56
1231393,54,62,53
1231394,59,59,57
1231395,60,59,63
1231396,59,62,64
1231397,59,60,65
1231398,67,60,62
1231399,64,54,56
1231400,64,58,57
1231401,69,56,58
1231402,62,60,66
1231403,54,47,65
1231404,55,48,59
1231405,61,57,52
1231406,57,62,56
1231407,58,62,64
1231408,56,56,63
1231409,59,58,61
1231410,67,56,63
1231411,59,63,62
1231412,59,62,68
1231413,61,55,53
1231414,61,56,54
1231415,61,60,52
1231416,64,57,59
1231417,59,56,55
1231418,66,61,63
1231419,54,61,62
1231420,58,56,64
1231421,54,59,61
1231422,62,54,64
1231423,63,60,63
1231424,59,67,61
1231425,57,58,63
1231426,51,54,62
1231427,60,60,57
1231428,58,53,64
1231429,60,61,59
1231430,57,60,63
1231431,61,62,57
1231432,60,59,59
1231433,54,55,48
1231434,54,59,57
1231435,60,55,67
1231436,61,66,62
1231437,62,60,60
1231438,59,61,62
1231439,63,56,60
1231440,61,59,57
1231441,64,61,66
1231442,59,52,62
1231443,60,57,54
1231444,60,59,56
1231445,62,54,56
1231446,61,72,66
1231447,64,62,55
1231448,58,61,62
1231449,56,65,62
1231450,57,67,64
1231451,60,63,60
1231452,60,57,58
1231453,59,66,50
1231454,55,62,52
1231455,62,60,52
1231456,60,58,60
1231457,59,59,56
1231458,59,62,60
1231459,63,57,58
1231460,60,56,70
1231461,62,60,52
1231462,57,55,57
1231463,59,60,64
1231464,59,63,65
1231465,59,56,73
1231466,51,63,57
1231467,60,64,65
1231468,60,60,60
1231469,55,57,68
1231470,63,51,58
1231471,57,52,50
1231472,60,63,59
1231473,59,60,55
1231474,58,54,62
1231475,63,60,60
1231476,64,64,62
1231477,59,67,62
1231478,60,69,61
1231479,58,67,48
1231480,58,57,61
1231481,57,50,58
1231482,58,65,68
1231483,62,56,61
1231484,62,60,65
1231485,57,56,60
1231486,55,58,58
1231487,59,58,72
1231488,62,59,60
1231489,61,54,57
1231490,58,59,68
1231491,56,57,52
1231492,62,53,59
1231493,59,56,59
1231494,62,55,64
1231495,65,57,58
1231496,60,54,66
1231497,58,58,58
1231498,60,65,56
1231499,57,63,59
1231500,58,66,62
1231501,58,57,64
1231502,61,60,69
1231503,63,58,62
1231504,54,58,60
1231505,55,57,61
1231506,57,58,59
1231507,58,54,60
1231508,59,66,56
1231509,64,61,56
1231510,60,56,50
1231511,58,61,59
1231512,56,55,58
1231513,63,60,66
1231514,59,54,59
1231515,57,58,49
1231516,58,62,54
1231517,56,63,63
1231518,60,58,60
1231519,60,58,57
1231520,56,62,67
1231521,59,63,57
1231522,56,57,60
1231523,56,57,53
1231524,58,67,61
1231525,61,57,59
1231526,64,63,60
1231527,61,58,59
1231528,61,61,51
1231529,60,61,63
1231530,61,64,69
1231531,56,58,59
1231532,61,63,68
1231533,62,59,58
1231534,58,64,59
1231535,57,57,69
1231536,66,60,57
1231537,62,61,65
1231538,59,61,55
1231539,58,63,54
1231540,59,62,54
1231541,60,58,56
1231542,60,66,66
1231543,63,61,62
1231544,56,60,56
1231545,61,59,68
1231546,58,64,61
1231547,63,60,60
1231548,65,63,66
1231549,57,53,61
1231550,56,60,63
1231551,64,56,62
1231552,63,56,54
1231553,60,62,64
1231554,55,57,57
1231555,58,59,64
1231556,59,59,56
1231557,61,56,65
1231558,62,67,52
1231559,59,56,60
1231560,61,60,61
1231561,60,54,60
1231562,55,58,56
1231563,56,57,66
1231564,62,60,61
1231565,59,61,61
1231566,64,58,56
1231567,59,50,54
1231568,59,61,54
1231569,54,57,60
1231570,64,58,61
1231571,61,59,61
1231572,56,60,58
1231573,54,61,64
1231574,58,66,63
1231575,60,56,58
1231576,61,58,60
1231577,57,60,59
1231578,59,64,54
1231579,65,60,57
1231580,59,63,54
1231581,59,60,61
1231582,59,54,53
1231583,60,64,65
1231584,57,59,55
1231585,57,55,61
1231586,63,66,56
1231587,61,56,60
1231588,59,59,54
1231589,61,59,67
1231590,53,58,59
1231591,62,56,63
1231592,56,58,61
1231593,64,55,67
1231594,61,54,55
1231595,61,54,55
1231596,58,63,58
1231597,62,53,60
1231598,55,56,57
1231599,60,59,56
1231600,60,60,56
1231601,59,59,70
1231602,58,58,57
1231603,59,62,65
1231604,59,61,72
1231605,58,67,65
1231606,60,64,59
1231607,62,59,55
1231608,60,62,63
1231609,66,55,65
1231610,58,62,56
1231611,57,54,59
1231612,59,59,56
1231613,53,61,57
1231614,61,66,59
1231615,57,62,58
1231616,57,65,58
1231617,59,64,54
1231618,63,64,55
1231619,58,59,57
1231620,55,61,63
1231621,57,57,54
1231622,60,64,66
1231623,61,57,57
1231624,54,58,48
1231625,56,66,59
1231626,56,59,73
1231627,59,60,58
1231628,62,56,69
1231629,60,63,64
1231630,59,55,52
1231631,61,54,63
1231632,56,65,45
1231633,56,64,61
1231634,62,58,57
1231635,57,58,62
1231636,64,60,72
1231637,58,62,68
1231638,64,54,57
1231639,61,56,59
1231640,61,60,60
1231641,63,56,60
1231642,64,58,64
1231643,59,66,56
1231644,62,58,65
1231645,59,63,61
1231646,62,56,69
1231647,60,68,62
1231648,59,61,66
1231649,57,55,65
1231650,54,59,62
1231651,58,58,54
1231652,64,57,56
1231653,58,67,55
1231654,64,53,55
1231655,57,59,57
1231656,60,67,56
1231657,61,54,60
1231658,64,53,60
1231659,59,56,63
1231660,58,57,56
1231661,58,60,61
1231662,56,59,69
1231663,63,55,55
1231664,53,58,61
1231665,61,57,64
1231666,59,55,60
1231667,60,64,66
1231668,60,60,50
1231669,62,58,64
1231670,61,59,58
1231671,60,59,55
1231672,57,56,55
1231673,59,54,67
1231674,59,62,56
1231675,60,61,55
1231676,61,54,59
1231677,59,64,64
1231678,59,59,62
1231679,51,65,71
1231680,58,58,57
1231681,57,62,59
1231682,61,56,58
1231683,58,60,49
1231684,59,55,61
1231685,58,60,61
1231686,60,60,56
1231687,56,60,54
1231688,56,63,64
1231689,61,61,50
1231690,61,62,49
1231691,63,66,67
1231692,59,54,60
1231693,54,61,56
1231694,59,58,62
1231695,59,56,51
1231696,61,62,62
1231697,61,54,64
1231698,56,59,60
1231699,60,58,63
1231700,57,59,64
1231701,64,56,59
1231702,56,60,57
1231703,60,60,57
1231704,57,61,67
1231705,54,63,59
1231706,54,70,67
1231707,58,57,64
1231708,63,61,56
1231709,64,53,49
1231710,59,56,61
1231711,56,61,60
1231712,60,59,52
1231713,60,59,55
1231714,61,68,58
1231715,59,62,59
1231716,56,61,62
1231717,61,52,66
1231718,51,62,61
1231719,62,61,60
1231720,63,64,61
1231721,60,59,61
1231722,61,61,74
1231723,60,54,58
1231724,62,59,66
1231725,57,61,52
1231726,60,54,55
1231727,55,60,59
1231728,61,68,64
1231729,57,57,59
1231730,55,53,60
1231731,61,65,61
1231732,58,63,55
1231733,62,60,60
1231734,60,59,52
1231735,60,55,56
1231736,57,56,57
1231737,58,61,55
1231738,56,62,54
1231739,55,69,61
1231740,60,58,60
1231741,63,56,64
1231742,63,59,59
1231743,61,58,57
1231744,60,50,64
1231745,59,61,63
1231746,57,64,70
1231747,57,58,68
1231748,58,55,63
1231749,59,57,60
1231750,63,52,54
1231751,63,59,57
1231752,57,61,56
1231753,57,60,66
1231754,68,59,51
1231755,61,53,58
1231756,57,63,64
1231757,60,61,60
1231758,56,57,59
1231759,56,55,51
1231760,56,58,54
1231761,63,62,61
1231762,61,61,59
1231763,61,68,67
1231764,60,60,56
1231765,61,53,60
1231766,59,54,54
1231767,68,63,57
1231768,52,54,63
1231769,56,59,61
1231770,57,62,56
1231771,62,59,58
1231772,55,62,61
1231773,59,57,53
1231774,61,57,48
1231775,61,56,55
1231776,57,58,61
1231777,58,50,71
1231778,53,66,61
1231779,67,62,56
1231780,57,63,62
1231781,58,55,62
1231782,56,52,72
1231783,57,62,69
1231784,56,58,64
1231785,61,57,56
1231786,59,54,62
1231787,55,58,64
1231788,59,56,59
1231789,66,60,54
1231790,57,62,59
1231791,54,57,57
1231792,57,52,61
1231793,55,59,58
1231794,53,59,67
1231795,60,62,65
1231796,61,62,64
1231797,62,62,55
1231798,56,58,47
1231799,59,49,59
1231800,62,57,64
1231801,61,62,63
1231802,64,52,65
1231803,61,49,54
1231804,63,48,61
1231805,60,55,57
1231806,59,59,60
1231807,57,54,55
1231808,56,60,61
1231809,63,56,55
1231810,61,61,59
1231811,63,58,55
1231812,62,57,59
1231813,58,53,59
1231814,60,60,70
1231815,64,56,59
1231816,61,64,60
1231817,57,65,62
1231818,59,69,65
1231819,62,54,53
1231820,62,61,58
1231821,58,63,61
1231822,60,62,59
1231823,53,60,58
1231824,63,58,67
1231825,57,52,59
1231826,54,57,55
1231827,52,60,55
1231828,56,64,62
1231829,63,56,71
1231830,61,49,63
1231831,60,61,55
1231832,58,56,61
1231833,61,63,63
1231834,65,58,65
1231835,60,57,61
1231836,59,53,62
1231837,58,56,55
1231838,58,63,55
1231839,57,57,60
1231840,58,58,63
1231841,59,57,68
1231842,60,60,53
1231843,61,59,60
1231844,57,62,69
1231845,58,64,60
1231846,57,60,62
1231847,54,56,59
1231848,59,63,55
1231849,60,59,55
1231850,62,57,54
1231851,59,65,66
1231852,62,61,67
1231853,61,55,53
1231854,58,56,68
1231855,58,61,65
1231856,64,57,66
1231857,58,63,65
1231858,60,52,59
1231859,62,57,56
1231860,66,60,57
1231861,57,56,54
1231862,61,60,56
1231863,59,60,61
1231864,59,59,64
1231865,58,66,62
1231866,62,59,57
1231867,60,57,59
1231868,63,56,54
1231869,57,60,70
1231870,59,58,63
1231871,59,59,54
1231872,59,60,62
1231873,62,55,63
1231874,58,63,61
1231875,59,56,59
1231876,66,63,56
1231877,60,61,51
1231878,57,54,58
1231879,62,62,60
1231880,61,64,60
1231881,61,66,55
1231882,63,57,60
1231883,59,60,64
1231884,61,63,65
1231885,65,61,63
1231886,59,61,50
1231887,62,58,55
1231888,57,71,62
1231889,59,53,58
1231890,63,61,48
1231891,52,62,53
1231892,57,56,57
1231893,56,56,58
1231894,58,64,60
1231895,57,58,60
1231896,59,62,61
1231897,60,58,56
1231898,57,52,57
1231899,62,61,53
1231900,57,58,58
1231901,57,66,63
1231902,62,58,63
1231903,62,55,65
1231904,62,56,59
1231905,54,61,63
1231906,55,65,50
1231907,58,57,66
1231908,62,59,64
1231909,60,61,60
1231910,61,56,56
1231911,58,52,55
1231912,61,63,61
1231913,58,60,55
1231914,59,59,60
1231915,56,58,55
1231916,61,57,60
1231917,58,58,52
1231918,56,63,50
1231919,66,58,65
1231920,60,55,61
1231921,58,59,60
1231922,61,62,60
1231923,60,60,61
1231924,57,57,51
1231925,58,61,60
1231926,58,55,63
1231927,60,62,58
1231928,62,60,62
1231929,59,63,66
1231930,61,65,49
1231931,58,67,63
1231932,56,65,61
1231933,57,57,57
1231934,60,63,62
1231935,57,61,65
1231936,56,58,65
1231937,60,61,60
1231938,61,61,65
1231939,57,55,66
1231940,58,52,56
1231941,59,58,65
1231942,57,59,56
1231943,60,63,59
1231944,60,57,58
1231945,64,58,57
1231946,58,56,59
1231947,59,64,58
1231948,61,54,58
1231949,56,60,61
1231950,63,51,58
1231951,61,56,62
1231952,58,62,67
1231953,64,59,63
1231954,58,70,59
1231955,53,59,52
1231956,59,63,65
1231957,60,53,50
1231958,60,65,50
1231959,54,59,60
1231960,52,62,54
1231961,65,63,55
1231962,58,58,49
1231963,60,61,63
1231964,56,56,56
1231965,58,60,66
1231966,58,56,58
1231967,59,58,49
1231968,60,70,60
1231969,60,56,59
1231970,62,58,58
1231971,61,64,68
1231972,60,62,56
1231973,60,66,67
1231974,56,55,54
1231975,60,59,59
1231976,62,62,61
1231977,56,59,62
1231978,56,66,61
1231979,63,62,62
1231980,58,51,63
1231981,62,60,65
1231982,54,62,62
1231983,62,60,67
1231984,59,63,57
1231985,60,59,57
1231986,60,57,58
1231987,58,60,64
1231988,61,64,59
1231989,57,71,64
1231990,63,63,68
1231991,57,57,58
1231992,63,59,66
1231993,62,61,63
1231994,59,62,56
1231995,57,64,69
1231996,58,62,56
1231997,57,68,61
1231998,62,56,61
1231999,63,56,60
1231000,56,62,64
1231001,59,66,56
1231002,61,60,52
1231003,63,62,54
1231004,62,61,71
1231005,59,59,54
1231006,58,60,62
1231007,61,53,63
1231008,55,60,58
1231009,61,63,65
1231010,62,67,66
1231011,58,68,56
1231012,54,63,47
1231013,61,57,67
1231014,56,64,61
1231015,61,59,61
1231016,58,63,50
1231017,58,58,51
1231018,58,58,56
1231019,54,52,57
1231020,60,64,52
1231021,57,55,65
1231022,57,57,61
1231023,61,62,52
1231024,61,56,51
1231025,64,62,63
1231026,61,62,62
1231027,62,55,60
1231028,62,58,57
1231029,63,52,60
1231030,61,65,55
1231031,57,60,61
1231032,59,58,64
1231033,57,59,60
1231034,61,62,58
1231035,58,58,57
1231036,54,64,69
1231037,60,62,51
1231038,56,57,70
1231039,63,63,62
1231040,59,60,57
1231041,66,64,51
1231042,64,58,56
1231043,62,53,56
1231044,58,68,55
1231045,60,64,61
1231046,61,57,65
1231047,57,68,62
1231048,66,62,52
1231049,57,58,66
1231050,59,56,65
1231051,61,63,65
1231052,53,60,71
1231053,60,58,64
1231054,63,58,57
1231055,57,64,58
1231056,65,66,58
1231057,59,59,60
1231058,61,58,57
1231059,59,60,55
1231060,58,58,63
1231061,57,57,57
1231062,59,64,62
1231063,62,62,57
1231064,58,63,62
1231065,61,64,70
1231066,55,57,56
1231067,56,64,65
1231068,58,56,56
1231069,63,61,60
1231070,60,59,59
1231071,57,63,54
1231072,59,60,71
1231073,66,55,63
1231074,61,63,60
1231075,60,61,61
1231076,55,56,64
1231077,63,62,58
1231078,57,58,61
1231079,61,59,56
1231080,59,57,64
1231081,57,63,62
1231082,58,63,62
1231083,58,65,53
1231084,56,59,61
1231085,60,55,56
1231086,57,61,66
1231087,60,55,59
1231088,61,57,55
1231089,60,60,61
1231090,61,63,65
1231091,53,50,59
1231092,58,69,63
1231093,57,59,58
1231094,58,59,60
1231095,66,59,65
1231096,55,57,52
1231097,62,53,60
1231098,59,68,58
1231099,57,62,64
1231100,64,62,58
1231101,59,60,55
1231102,64,59,59
1231103,66,65,58
1231104,61,64,67
1231105,60,61,62
1231106,56,58,58
1231107,58,52,64
1231108,59,64,61
1231109,62,64,64
1231110,60,58,59
1231111,59,58,56
1231112,59,62,68
1231113,63,56,60
1231114,64,58,59
1231115,58,61,60
1231116,61,60,61
1231117,57,63,57
1231118,53,60,58
1231119,62,64,61
1231120,58,53,60
1231121,59,59,62
1231122,54,55,61
1231123,59,53,59
1231124,62,62,61
1231125,58,63,68
1231126,57,64,56
1231127,56,58,62
1231128,57,58,56
1231129,55,56,68
1231130,67,59,56
1231131,57,59,70
1231132,60,60,70
1231133,63,55,64
1231134,55,57,55
1231135,59,59,65
1231136,53,61,57
1231137,55,58,62
1231138,67,62,62
1231139,59,64,59
1231140,58,56,58
1231141,66,69,55
1231142,57,62,59
1231143,56,62,51
1231144,58,59,59
1231145,61,58,55
1231146,63,60,65
1231147,56,56,67
1231148,55,59,61
1231149,63,59,57
1231150,64,59,56
1231151,59,60,71
1231152,60,60,59
1231153,60,58,75
1231154,61,60,60
1231155,63,61,59
1231156,55,64,59
1231157,56,62,58
1231158,65,61,58
1231159,58,60,64
1231160,57,59,62
1231161,54,62,59
1231162,59,57,60
1231163,59,58,61
1231164,65,62,60
1231165,57,67,56
1231166,56,67,56
1231167,58,54,62
1231168,58,60,53
1231169,57,63,49
1231170,52,62,64
1231171,56,62,51
1231172,63,62,58
1231173,58,64,66
1231174,60,64,63
1231175,62,60,66
1231176,64,55,58
1231177,61,58,63
1231178,63,60,56
1231179,60,65,57
1231180,59,64,47
1231181,58,55,64
1231182,59,63,54
1231183,59,59,55
1231184,59,65,59
1231185,62,60,56
1231186,65,65,62
1231187,60,54,62
1231188,59,53,64
1231189,59,58,69
1231190,60,57,55
1231191,60,63,56
1231192,60,53,56
1231193,57,59,58
1231194,55,63,62
1231195,62,56,56
1231196,57,65,61
1231197,59,55,62
1231198,61,53,59
1231199,58,61,57
1231200,66,62,52
1231201,55,61,52
1231202,60,53,48
1231203,59,63,64
1231204,61,59,62
1231205,60,60,54
1231206,63,60,60
1231207,60,61,65
1231208,60,59,60
1231209,55,50,62
1231210,62,68,64
1231211,62,62,60
1231212,59,58,54
1231213,58,60,63
1231214,57,67,59
1231215,58,66,54
1231216,63,59,60
1231217,62,66,58
1231218,60,62,56
1231219,56,59,58
1231220,54,60,64
1231221,53,60,51
1231222,53,60,69
1231223,64,62,59
1231224,58,54,64
1231225,56,58,60
1231226,61,63,59
1231227,54,55,55
1231228,57,52,64
1231229,65,59,63
1231230,62,64,58
1231231,57,56,64
1231232,56,59,59
1231233,58,65,56
1231234,63,63,56
1231235,60,58,65
1231236,57,67,54
1231237,59,57,62
1231238,61,63,67
1231239,62,63,64
1231240,63,61,62
1231241,65,66,62
1231242,56,54,65
1231243,55,56,59
1231244,60,59,58
1231245,60,55,50
1231246,59,65,53
1231247,62,57,54
1231248,57,55,56
1231249,63,61,56
1231250,67,61,64
1231251,61,53,54
1231252,62,59,58
1231253,55,55,59
1231254,59,56,64
1231255,58,55,56
1231256,63,61,59
1231257,60,61,59
1231258,60,66,56
1231259,61,61,51
1231260,64,54,49
1231261,54,59,64
1231262,56,62,63
1231263,56,54,57
1231264,61,66,51
1231265,62,57,59
1231266,61,56,50
1231267,62,57,52
1231268,60,58,53
1231269,59,54,66
1231270,62,59,65
1231271,57,62,52
1231272,56,55,64
1231273,59,56,58
1231274,59,58,62
1231275,61,58,62
1231276,64,57,71
1231277,61,62,61
1231278,59,63,59
1231279,67,62,69
1231280,63,61,54
1231281,58,57,65
1231282,56,54,58
1231283,63,56,65
1231284,61,67,58
1231285,55,60,61
1231286,58,61,63
1231287,62,65,63
1231288,57,57,60
1231289,62,61,61
1231290,60,58,57
1231291,59,64,52
1231292,62,58,55
1231293,57,58,56
1231294,63,64,56
1231295,67,58,57
1231296,61,59,57
1231297,61,65,63
1231298,59,53,59
1231299,56,59,62
1231300,53,62,63
1231301,57,67,53
1231302,59,63,57
1231303,65,56,65
1231304,59,59,60
1231305,59,61,59
1231306,60,59,54
1231307,57,56,55
1231308,58,52,49
1231309,58,55,53
1231310,58,58,55
1231311,61,57,59
1231312,56,56,54
1231313,58,62,49
1231314,54,64,58
1231315,59,64,61
1231316,60,63,63
1231317,60,63,55
1231318,58,61,64
1231319,62,58,64
1231320,61,68,60
1231321,63,61,66
1231322,57,59,68
1231323,59,57,56
1231324,58,62,68
1231325,59,65,63
1231326,56,61,55
1231327,59,56,59
1231328,64,58,55
1231329,59,68,61
1231330,62,59,59
1231331,63,55,65
1231332,57,53,52
1231333,62,63,55
1231334,59,59,70
1231335,59,59,55
1231336,54,60,55
1231337,55,58,53
1231338,61,68,58
1231339,62,61,59
1231340,62,62,59
1231341,62,58,66
1231342,61,57,52
1231343,61,59,52
1231344,65,64,46
1231345,53,56,65
1231346,65,60,53
1231347,57,57,60
1231348,54,59,66
1231349,58,67,68
1231350,61,60,56
1231351,59,62,57
1231352,54,67,60
1231353,58,60,56
1231354,62,58,60
1231355,60,59,58
1231356,56,60,58
1231357,63,58,61
1231358,60,65,59
1231359,66,57,53
1231360,55,60,56
1231361,66,53,53
1231362,62,52,62
1231363,58,59,58
1231364,62,51,54
1231365,61,63,53
1231366,60,62,64
1231367,55,60,65
1231368,58,59,62
1231369,60,60,66
1231370,58,57,51
1231371,60,58,56
1231372,65,58,65
1231373,61,67,57
1231374,63,62,61
1231375,65,58,59
1231376,60,57,60
1231377,63,62,52
1231378,57,66,61
1231379,62,50,65
1231380,63,54,55
1231381,61,62,65
1231382,58,64,59
1231383,56,64,68
1231384,56,64,60
1231385,57,60,61
1231386,59,59,65
1231387,61,61,59
1231388,65,56,60
1231389,57,57,62
1231390,59,58,60
1231391,61,63,60
1231392,54,53,60
1231393,63,57,53
1231394,55,58,61
1231395,58,63,65
1231396,62,59,61
1231397,61,59,57
1231398,57,62,62
1231399,59,60,59
1231400,61,70,53
1231401,60,50,61
1231402,63,56,58
1231403,62,55,61
1231404,59,58,58
1231405,58,56,49
1231406,55,60,58
1231407,64,57,64
1231408,55,64,62
1231409,57,53,69
1231410,62,56,59
1231411,53,56,65
1231412,55,61,63
1231413,61,60,54
1231414,64,62,64
1231415,58,54,56
1231416,60,59,56
1231417,60,62,58
1231418,55,53,62
1231419,62,53,64
1231420,64,58,53
1231421,64,63,58
1231422,56,59,57
1231423,59,55,54
1231424,57,55,68
1231425,56,56,58
1231426,58,56,55
1231427,62,64,63
1231428,58,59,56
1231429,59,64,53
1231430,58,62,60
1231431,60,57,66
1231432,61,62,60
1231433,62,59,57
1231434,69,56,62
1231435,63,63,53
1231436,62,65,58
1231437,61,58,53
1231438,63,59,66
1231439,61,58,52
1231440,55,64,60
1231441,56,56,61
1231442,63,61,60
1231443,56,56,49
1231444,58,64,53
1231445,62,61,57
1231446,61,64,49
1231447,58,67,59
1231448,56,68,56
1231449,56,66,57
1231450,62,61,67
1231451,64,54,66
1231452,53,54,64
1231453,53,59,69
1231454,63,58,61
1231455,60,59,56
1231456,59,59,58
1231457,63,65,60
1231458,58,59,62
1231459,59,61,69
1231460,59,63,58
1231461,61,55,59
1231462,61,61,59
1231463,60,63,52
1231464,62,62,61
1231465,60,58,58
1231466,64,59,63
1231467,59,50,50
1231468,60,59,53
1231469,60,58,63
1231470,56,58,61
1231471,60,68,63
1231472,57,59,69
1231473,66,63,59
1231474,57,51,67
1231475,66,53,61
1231476,57,61,48
1231477,61,55,55
1231478,63,61,58
1231479,56,61,63
1231480,61,66,61
1231481,63,57,59
1231482,62,53,58
1231483,57,58,68
1231484,56,57,59
1231485,57,57,60
1231486,54,61,57
1231487,56,51,50
1231488,56,54,60
1231489,59,66,67
1231490,58,59,62
1231491,55,57,57
1231492,63,64,61
1231493,57,59,60
1231494,60,61,51
1231495,64,53,57
1231496,58,62,65
1231497,64,57,54
1231498,56,53,66
1231499,55,55,62
1231500,58,59,71
1231501,59,61,58
1231502,56,62,59
1231503,65,63,59
1231504,58,61,63
1231505,63,65,66
1231506,54,49,68
1231507,58,51,60
1231508,55,59,56
1231509,56,53,55
1231510,62,63,56
1231511,60,61,56
1231512,55,58,62
1231513,57,52,58
1231514,59,57,57
1231515,61,61,51
1231516,63,51,59
1231517,65,69,62
1231518,61,52,59
1231519,55,63,63
1231520,62,66,55
1231521,63,58,56
1231522,62,60,59
1231523,67,67,60
1231524,59,58,62
1231525,63,63,59
1231526,64,62,59
1231527,66,63,58
1231528,56,61,61
1231529,58,65,67
1231530,59,66,61
1231531,59,59,54
1231532,59,51,68
1231533,65,51,62
1231534,63,57,56
1231535,57,56,62
1231536,60,62,66
1231537,57,64,63
1231538,64,62,65
1231539,58,61,57
1231540,63,65,58
1231541,58,59,51
1231542,61,63,61
1231543,62,62,57
1231544,57,63,65
1231545,62,63,58
1231546,62,55,62
1231547,62,63,62
1231548,58,54,58
1231549,59,57,55
1231550,58,52,56
1231551,59,52,67
1231552,56,58,66
1231553,62,54,58
1231554,59,66,58
1231555,63,60,57
1231556,56,58,56
1231557,68,61,69
1231558,61,53,55
1231559,59,62,58
1231560,60,62,62
1231561,60,60,55
1231562,62,61,49
1231563,57,63,54
1231564,67,58,56
1231565,59,63,54
1231566,61,51,59
1231567,57,62,50
1231568,59,63,57
1231569,65,54,56
1231570,59,62,64
1231571,54,62,64
1231572,61,59,53
1231573,57,59,53
1231574,60,62,55
1231575,54,53,53
1231576,59,60,63
1231577,56,61,63
1231578,58,57,59
1231579,55,65,59
1231580,65,50,57
1231581,62,59,61
1231582,61,50,75
1231583,59,60,62
1231584,60,57,59
1231585,64,52,57
1231586,58,63,60
1231587,58,64,55
1231588,57,64,57
1231589,52,55,56
1231590,60,61,63
1231591,61,66,54
1231592,61,64,57
1231593,57,54,53
1231594,55,52,58
1231595,59,57,56
1231596,59,55,68
1231597,61,58,53
1231598,58,53,57
1231599,58,58,46
1231600,60,59,52
1231601,58,62,56
1231602,55,62,61
1231603,62,59,56
1231604,60,68,56
1231605,59,66,59
1231606,60,63,60
1231607,58,58,62
1231608,63,62,50
1231609,60,63,62
1231610,57,62,55
1231611,59,59,55
1231612,55,58,64
1231613,61,57,52
1231614,59,61,63
1231615,60,61,53
1231616,59,56,59
1231617,62,60,58
1231618,55,60,66
1231619,60,63,59
1231620,56,57,63
1231621,56,52,59
1231622,58,61,63
1231623,61,54,61
1231624,60,62,60
1231625,63,56,59
1231626,59,65,62
1231627,57,62,61
1231628,58,53,45
1231629,64,60,62
1231630,62,62,52
1231631,63,54,49
1231632,59,60,57
1231633,59,55,61
1231634,59,60,63
1231635,63,59,58
1231636,59,60,59
1231637,63,54,56
1231638,61,60,69
1231639,59,61,57
1231640,60,70,58
1231641,61,59,66
1231642,65,60,54
1231643,60,60,55
1231644,53,56,67
1231645,58,57,60
1231646,57,58,59
1231647,59,62,65
1231648,58,59,52
1231649,62,66,52
1231650,53,55,59
1231651,60,54,58
1231652,63,63,55
1231653,58,60,55
1231654,64,56,78
1231655,56,61,54
1231656,58,56,57
1231657,61,58,59
1231658,59,62,52
1231659,55,62,57
1231660,60,56,52
1231661,54,61,63
1231662,56,52,62
1231663,59,58,63
1231664,55,60,58
1231665,61,61,67
1231666,61,64,68
1231667,61,61,62
1231668,57,53,67
1231669,61,52,52
1231670,60,61,58
1231671,57,61,51
1231672,63,60,60
1231673,58,63,72
1231674,59,65,51
1231675,62,60,63
1231676,63,55,60
1231677,56,55,56
1231678,58,61,69
1231679,65,55,62
1231680,61,54,63
1231681,60,60,68
1231682,60,57,48
1231683,56,63,56
1231684,60,62,59
1231685,57,60,61
1231686,62,61,60
1231687,61,62,58
1231688,60,53,47
1231689,56,60,61
1231690,57,64,62
1231691,62,61,64
1231692,58,58,63
1231693,62,53,66
1231694,67,59,61
1231695,59,54,72
1231696,58,56,58
1231697,61,63,57
1231698,62,58,63
1231699,63,59,59
1231700,60,60,49
1231701,58,57,63
1231702,61,63,60
1231703,57,60,53
1231704,62,59,64
1231705,60,66,64
1231706,60,64,56
1231707,56,62,60
1231708,59,63,61
1231709,56,58,59
1231710,58,65,66
1231711,60,60,60
1231712,59,60,53
1231713,61,61,55
1231714,58,59,63
1231715,55,53,55
1231716,61,61,61
1231717,65,64,74
1231718,62,53,59
1231719,60,60,56
1231720,58,56,54
1231721,61,57,54
1231722,59,55,63
1231723,59,52,58
1231724,57,58,61
1231725,60,68,59
1231726,55,57,60
1231727,59,60,58
1231728,58,58,67
1231729,62,65,62
1231730,60,56,60
1231731,60,61,59
1231732,55,52,61
1231733,59,63,51
1231734,61,52,57
1231735,61,52,53
1231736,64,60,58
1231737,60,65,65
1231738,59,63,51
1231739,63,55,57
1231740,55,61,63
1231741,59,63,61
1231742,64,59,66
1231743,62,59,54
1231744,60,56,55
1231745,63,60,65
1231746,59,63,58
1231747,57,61,60
1231748,61,63,57
1231749,63,54,62
1231750,60,55,66
1231751,62,65,62
1231752,60,57,62
1231753,56,62,62
1231754,55,64,62
1231755,59,57,58
1231756,64,65,57
1231757,60,61,58
1231758,62,61,63
1231759,63,59,65
1231760,61,53,56
1231761,63,61,62
1231762,62,65,68
1231763,59,63,67
1231764,59,57,67
1231765,66,64,63
1231766,57,56,67
1231767,60,62,57
1231768,60,59,59
1231769,58,58,57
1231770,60,62,53
1231771,54,54,63
1231772,56,61,67
1231773,59,62,68
1231774,63,71,62
1231775,64,55,58
1231776,60,68,56
1231777,60,53,64
1231778,62,59,55
1231779,59,60,59
1231780,60,59,54
1231781,62,68,59
1231782,58,65,58
1231783,64,57,64
1231784,54,62,69
1231785,61,58,55
1231786,60,60,62
1231787,54,63,64
1231788,56,61,68
1231789,63,61,64
1231790,61,63,46
1231791,55,61,63
1231792,61,65,64
1231793,63,61,60
1231794,61,62,56
1231795,67,59,64
1231796,60,59,65
1231797,60,57,61
1231798,60,61,58
1231799,64,52,55
1231800,60,53,59
1231801,62,57,63
1231802,55,59,63
1231803,64,61,62
1231804,62,60,57
1231805,59,61,56
1231806,58,63,53
1231807,60,58,54
1231808,65,67,64
1231809,56,55,60
1231810,61,61,63
1231811,62,64,65
1231812,60,59,59
1231813,60,65,61
1231814,58,58,55
1231815,59,54,58
1231816,58,64,58
1231817,57,59,62
1231818,59,61,61
1231819,57,63,59
1231820,64,59,59
1231821,58,67,65
1231822,61,53,62
1231823,63,62,58
1231824,63,62,52
1231825,64,67,58
1231826,65,56,66
1231827,57,59,63
1231828,63,55,57
1231829,63,58,50
1231830,59,60,64
1231831,58,58,63
1231832,62,64,63
1231833,62,59,57
1231834,65,59,60
1231835,56,61,62
1231836,67,59,57
1231837,60,65,59
1231838,58,57,63
1231839,61,66,51
1231840,61,63,49
1231841,56,64,59
1231842,56,61,66
1231843,58,59,59
1231844,63,53,76
1231845,57,60,51
1231846,58,60,55
1231847,62,62,56
1231848,61,64,60
1231849,57,55,57
1231850,56,62,62
1231851,64,63,60
1231852,64,61,60
1231853,58,60,57
1231854,58,69,59
1231855,59,52,58
1231856,59,61,66
1231857,61,60,55
1231858,53,59,68
1231859,62,59,55
1231860,58,58,56
1231861,63,59,61
1231862,59,60,60
1231863,58,55,57
1231864,60,64,67
1231865,52,54,65
1231866,58,53,66
1231867,59,61,56
1231868,55,62,64
1231869,60,65,66
1231870,61,58,59
1231871,57,57,51
1231872,62,55,63
1231873,57,70,58
1231874,60,57,64
1231875,61,56,63
1231876,58,66,52
1231877,56,56,52
1231878,61,56,60
1231879,56,54,60
1231880,61,64,47
1231881,59,63,56
1231882,58,56,63
1231883,68,67,54
1231884,56,56,62
1231885,56,63,68
1231886,60,56,67
1231887,54,66,61
1231888,59,67,65
1231889,59,68,67
1231890,62,61,60
1231891,56,57,64
1231892,64,58,53
1231893,63,55,63
1231894,65,58,59
1231895,66,57,59
1231896,57,56,58
1231897,56,63,58
1231898,56,63,67
1231899,57,56,59
1231900,60,65,62
1231901,66,61,59
1231902,54,57,57
1231903,61,53,54
1231904,63,64,45
1231905,62,60,61
1231906,54,57,59
1231907,61,58,55
1231908,55,63,70
1231909,62,63,63
1231910,52,63,55
1231911,54,59,52
1231912,57,56,63
1231913,58,58,63
1231914,61,62,56
1231915,57,58,60
1231916,62,59,57
1231917,66,68,66
1231918,66,63,61
1231919,58,57,58
1231920,57,54,57
1231921,60,55,64
1231922,61,57,55
1231923,56,58,68
1231924,61,62,58
1231925,64,52,62
1231926,57,65,55
1231927,64,58,58
1231928,59,70,49
1231929,55,66,59
1231930,64,59,63
1231931,57,61,54
1231932,57,56,52
1231933,60,59,56
1231934,55,58,62
1231935,60,61,62
1231936,63,60,58
1231937,59,53,54
1231938,61,65,59
1231939,63,61,62
1231940,65,60,62
1231941,60,64,57
1231942,63,69,56
1231943,54,64,62
1231944,55,54,56
1231945,59,65,61
1231946,62,59,63
1231947,57,64,60
1231948,55,59,60
1231949,54,60,59
1231950,61,60,63
1231951,63,52,66
1231952,64,59,64
1231953,60,56,55
1231954,56,69,58
1231955,61,65,60
1231956,57,64,74
1231957,55,57,60
1231958,55,58,69
1231959,53,58,56
1231960,57,64,65
1231961,60,64,61
1231962,63,63,65
1231963,62,61,58
1231964,59,62,64
1231965,60,62,65
1231966,58,57,58
1231967,61,60,57
1231968,59,57,67
1231969,64,61,56
1231970,60,61,58
1231971,57,59,73
1231972,58,61,64
1231973,58,54,55
1231974,58,61,52
1231975,54,61,66
1231976,62,60,57
1231977,56,65,62
1231978,51,65,67
1231979,60,56,57
1231980,58,64,53
1231981,57,55,57
1231982,59,55,69
1231983,54,57,60
1231984,59,57,56
1231985,56,62,57
1231986,63,60,62
1231987,60,62,59
1231988,62,62,60
1231989,61,57,51
1231990,56,54,66
1231991,62,59,68
1231992,54,65,55
1231993,60,59,62
1231994,59,59,59
1231995,60,60,52
1231996,65,58,62
1231997,59,52,63
1231998,63,64,62
1231999,63,68,63
1232000,60,58,63
1232001,62,68,65
1232002,55,58,61
1232003,58,59,45
1232004,54,60,55
1232005,55,64,59
1232006,57,61,56
1232007,58,64,67
1232008,57,57,64
1232009,61,69,56
1232010,61,58,63
1232011,61,68,58
1232012,62,60,62
1232013,58,58,63
1232014,58,58,61
1232015,64,57,59
1232016,58,67,62
1232017,65,60,60
1232018,59,63,46
1232019,58,61,62
1232020,61,60,65
1232021,57,57,59
1232022,63,65,61
1232023,60,58,68
1232024,62,60,64
1232025,58,62,62
1232026,57,55,64
1232027,63,56,67
1232028,56,61,63
1232029,61,53,51
1232030,60,61,61
1232031,60,62,61
1232032,59,58,67
1232033,59,59,67
1232034,54,65,60
1232035,59,62,64
1232036,61,65,56
1232037,63,64,62
1232038,62,59,60
1232039,63,69,60
1232040,60,55,63
1232041,61,50,56
1232042,59,64,61
1232043,59,58,58
1232044,63,64,54
1232045,59,61,58
1232046,59,60,48
1232047,58,64,59
1232048,58,66,58
1232049,63,57,62
1232050,61,63,58
1232051,55,58,53
1232052,60,58,65
1232053,53,69,55
1232054,61,60,66
1232055,62,61,58
1232056,61,55,58
1232057,60,61,61
1232058,52,59,60
1232059,57,63,58
1232060,57,69,67
1232061,59,59,62
1232062,58,60,62
1232063,53,58,59
1232064,57,60,56
1232065,64,53,59
1232066,64,57,63
1232067,63,55,52
1232068,65,58,61
1232069,60,59,55
1232070,62,55,51
1232071,65,60,67
1232072,62,61,61
1232073,60,57,62
1232074,57,63,52
1232075,60,61,65
1232076,62,64,56
1232077,65,55,62
1232078,59,65,61
1232079,58,58,62
1232080,61,61,54
1232081,60,62,63
1232082,64,56,57
1232083,61,60,53
1232084,60,55,56
1232085,57,63,58
1232086,62,56,64
1232087,59,59,54
1232088,63,64,62
1232089,54,64,61
1232090,61,56,48
1232091,60,58,60
1232092,58,63,59
1232093,57,58,61
1232094,58,60,57
1232095,61,59,57
1232096,59,69,64
1232097,60,67,57
1232098,55,57,58
1232099,58,73,57
1232100,57,53,53
1232101,61,61,62
1232102,57,48,65
1232103,62,54,63
1232104,56,63,61
1232105,64,64,57
1232106,58,60,61
1232107,59,57,61
1232108,58,57,59
1232109,62,57,53
1232110,64,61,62
1232111,58,63,52
1232112,63,53,56
1232113,62,68,64
1232114,54,60,56
1232115,59,57,51
1232116,57,60,59
1232117,62,58,55
1232118,57,61,63
1232119,58,63,53
1232120,62,59,54
1232121,59,66,59
1232122,58,58,63
1232123,58,60,55
1232124,55,60,65
1232125,62,56,71
1232126,58,62,57
1232127,62,57,60
1232128,56,67,60
1232129,57,60,59
1232130,59,56,58
1232131,62,57,68
1232132,61,57,47
1232133,61,67,60
1232134,63,59,65
1232135,65,56,58
1232136,57,57,58
1232137,54,52,59
1232138,56,59,52
1232139,61,59,38
1232140,49,63,64
1232141,60,58,64
1232142,60,63,62
1232143,60,60,46
1232144,61,64,61
1232145,57,52,58
1232146,64,63,57
1232147,57,59,58
1232148,59,61,57
1232149,59,57,65
1232150,64,61,64
1232151,53,65,50
1232152,55,52,64
1232153,55,61,59
1232154,57,58,54
1232155,54,60,57
1232156,65,58,51
1232157,64,56,54
1232158,59,58,53
1232159,59,56,66
1232160,60,60,56
1232161,62,56,56
1232162,56,61,56
1232163,55,59,52
1232164,58,66,62
1232165,57,55,58
1232166,61,59,60
1232167,62,64,51
1232168,61,58,68
1232169,60,71,54
1232170,60,62,62
1232171,59,53,44
1232172,55,64,62
1232173,57,57,63
1232174,63,56,60
1232175,62,59,49
1232176,59,57,69
1232177,62,54,59
1232178,60,55,58
1232179,59,52,54
1232180,53,67,55
1232181,58,65,63
1232182,65,59,61
1232183,57,57,59
1232184,58,67,59
1232185,52,63,56
1232186,62,57,71
1232187,60,58,52
1232188,59,60,57
1232189,57,54,59
1232190,62,60,55
1232191,55,54,57
1232192,61,62,60
1232193,53,54,63
1232194,62,67,53
1232195,62,52,62
1232196,58,61,62
1232197,59,53,57
1232198,59,64,57
1232199,62,63,66
1232200,62,61,49
1232201,62,68,61
1232202,59,69,62
1232203,61,60,49
1232204,61,53,77
1232205,63,57,60
1232206,60,51,60
1232207,63,61,54
1232208,61,62,55
1232209,63,61,51
1232210,53,61,54
1232211,59,58,60
1232212,57,53,67
1232213,58,67,53
1232214,58,63,62
1232215,53,59,62
1232216,57,63,68
1232217,66,61,54
1232218,61,61,59
1232219,62,62,66
1232220,65,60,60
1232221,59,56,57
1232222,57,61,50
1232223,61,57,61
1232224,59,59,60
1232225,60,58,53
1232226,58,59,61
1232227,63,62,52
1232228,66,63,57
1232229,64,62,53
1232230,62,55,62
1232231,59,58,61
1232232,58,52,55
1232233,58,63,58
1232234,60,57,57
1232235,57,58,50
1232236,61,63,55
1232237,60,59,58
1232238,62,57,65
1232239,55,61,54
1232240,59,64,62
1232241,54,59,67
1232242,56,57,62
1232243,52,57,56
1232244,64,61,62
1232245,55,57,59
1232246,62,67,68
1232247,56,62,57
1232248,61,65,60
1232249,61,62,53
1232250,59,54,59
1232251,62,65,59
1232252,61,62,49
1232253,55,65,61
1232254,57,62,60
1232255,59,59,58
1232256,62,56,67
1232257,59,59,62
1232258,57,59,59
1232259,59,62,56
1232260,60,63,56
1232261,61,55,60
1232262,61,57,55
1232263,66,61,64
1232264,59,59,63
1232265,57,62,69
1232266,60,62,58
1232267,61,56,57
1232268,58,62,64
1232269,60,57,61
1232270,62,54,62
1232271,59,54,66
1232272,59,59,60
1232273,60,60,69
1232274,56,55,59
1232275,61,54,70
1232276,62,57,55
1232277,54,63,51
1232278,60,50,73
1232279,61,56,60
1232280,61,62,76
1232281,55,59,57
1232282,64,59,57
1232283,59,59,62
1232284,58,63,65
1232285,57,57,62
1232286,58,51,62
1232287,61,56,62
1232288,62,64,60
1232289,57,58,60
1232290,60,62,56
1232291,59,58,63
1232292,60,57,62
1232293,59,60,61
1232294,59,55,64
1232295,60,68,59
1232296,55,56,57
1232297,62,55,58
1232298,62,53,56
1232299,56,61,56
1232300,63,60,64
1232301,62,52,59
1232302,63,57,61
1232303,54,58,58
1232304,66,53,62
1232305,60,67,61
1232306,55,53,60
1232307,61,55,55
1232308,60,65,58
1232309,60,66,71
1232310,54,59,53
1232311,58,68,57
1232312,57,66,59
1232313,55,56,58
1232314,56,62,77
1232315,53,64,65
1232316,59,64,51
1232317,60,57,53
1232318,58,61,51
1232319,60,54,69
1232320,56,60,61
1232321,59,56,57
1232322,56,54,57
1232323,59,61,67
1232324,55,57,52
1232325,65,56,71
1232326,57,63,66
1232327,63,58,60
1232328,55,61,67
1232329,61,52,54
1232330,60,58,47
1232331,56,56,59
1232332,59,54,48
1232333,59,60,71
1232334,55,58,58
1232335,61,56,61
1232336,60,61,58
1232337,61,59,51
1232338,61,57,54
1232339,55,62,61
1232340,67,53,54
1232341,55,63,58
1232342,60,58,64
1232343,63,56,64
1232344,56,57,58
1232345,63,64,62
1232346,61,68,51
1232347,55,64,59
1232348,60,63,57
1232349,62,65,56
1232350,63,65,61
1232351,58,59,61
1232352,58,62,61
1232353,57,63,61
1232354,56,63,62
1232355,57,66,55
1232356,57,57,68
1232357,59,55,63
1232358,63,59,57
1232359,62,71,50
1232360,55,63,58
1232361,59,57,65
1232362,60,66,53
1232363,59,60,61
1232364,58,53,64
1232365,61,61,59
1232366,62,58,54
1232367,59,59,60
1232368,59,62,60
1232369,61,65,57
1232370,62,66,64
1232371,55,66,59
1232372,57,60,64
1232373,60,60,67
1232374,60,63,52
1232375,56,50,72
1232376,54,58,64
1232377,60,60,59
1232378,60,58,62
1232379,56,52,58
1232380,57,62,56
1232381,59,62,52
1232382,60,64,63
1232383,56,49,63
1232384,58,50,62
1232385,58,63,60
1232386,60,59,63
1232387,63,66,59
1232388,59,55,54
1232389,59,54,57
1232390,63,61,62
1232391,57,59,54
1232392,62,63,59
1232393,61,62,65
1232394,62,58,58
1232395,56,60,55
1232396,58,67,60
1232397,59,52,58
1232398,57,65,54
1232399,69,63,58
1232400,62,63,58
1232401,60,61,59
1232402,56,60,62
1232403,58,60,63
1232404,69,58,67
1232405,63,52,63
1232406,61,61,51
1232407,60,60,52
1232408,61,52,49
1232409,61,56,60
1232410,58,63,59
1232411,64,57,66
1232412,57,55,59
1232413,62,62,57
1232414,61,64,69
1232415,58,60,52
1232416,55,60,70
1232417,59,56,57
1232418,57,59,64
1232419,63,58,57
1232420,63,55,61
1232421,58,58,57
1232422,61,58,58
1232423,57,54,62
1232424,59,64,57
1232425,58,61,45
1232426,53,54,65
1232427,57,61,53
1232428,58,64,61
1232429,64,55,67
1232430,62,63,61
1232431,63,60,53
1232432,60,58,56
1232433,60,65,49
1232434,62,55,57
1232435,58,59,63
1232436,56,61,63
1232437,54,65,62
1232438,58,62,59
1232439,54,57,67
1232440,63,58,59
1232441,63,55,58
1232442,58,56,53
1232443,65,64,66
1232444,59,62,49
1232445,64,57,68
1232446,64,59,54
1232447,59,61,68
1232448,56,61,55
1232449,58,64,57
1232450,58,65,59
1232451,56,64,58
1232452,59,66,52
1232453,61,58,60
1232454,57,59,64
1232455,60,56,62
1232456,59,55,64
1232457,57,64,58
1232458,56,52,54
1232459,57,63,54
1232460,63,57,59
1232461,58,65,53
1232462,58,55,61
1232463,62,55,64
1232464,58,58,57
1232465,57,63,55
1232466,57,61,56
1232467,62,58,56
1232468,55,62,67
1232469,63,56,56
1232470,60,55,59
1232471,55,54,55
1232472,63,65,63
1232473,62,61,64
1232474,60,58,64
1232475,59,68,62
1232476,62,65,61
1232477,63,59,59
1232478,65,53,51
1232479,61,70,55
1232480,57,54,58
1232481,63,57,63
1232482,54,55,58
1232483,59,57,62
1232484,55,60,65
1232485,60,55,57
1232486,57,62,56
1232487,59,55,71
1232488,58,63,59
1232489,62,54,67
1232490,58,72,65
1232491,60,62,63
1232492,60,62,61
1232493,58,61,60
1232494,62,65,52
1232495,59,58,51
1232496,63,58,58
1232497,60,60,54
1232498,56,48,64
1232499,57,64,62
1232500,61,60,62
1232501,63,59,53
1232502,57,59,60
1232503,64,57,58
1232504,62,63,57
1232505,63,53,61
1232506,60,69,50
1232507,58,59,55
1232508,60,63,65
1232509,56,60,61
1232510,59,63,51
1232511,62,58,62
1232512,62,55,53
1232513,57,60,51
1232514,62,56,68
1232515,64,57,69
1232516,59,61,59
1232517,55,55,59
1232518,59,56,65
1232519,59,61,61
1232520,61,63,66
1232521,61,58,58
1232522,57,61,70
1232523,59,61,49
1232524,63,71,52
1232525,58,58,63
1232526,56,62,65
1232527,63,58,56
1232528,57,57,51
1232529,56,64,58
1232530,55,58,67
1232531,60,62,64
1232532,56,67,65
1232533,56,57,58
1232534,58,61,60
1232535,59,57,61
1232536,61,58,54
1232537,56,50,62
1232538,55,60,57
1232539,65,62,64
1232540,60,55,61
1232541,58,60,57
1232542,62,65,62
1232543,60,61,66
1232544,56,57,57
1232545,57,62,64
1232546,58,60,66
1232547,59,62,45
1232548,55,58,58
1232549,59,59,53
1232550,60,56,58
1232551,57,59,64
1232552,57,65,53
1232553,52,55,65
1232554,61,53,61
1232555,58,61,63
1232556,57,63,56
1232557,58,61,59
1232558,62,53,62
1232559,58,58,65
1232560,60,55,64
1232561,61,53,61
1232562,56,59,57
1232563,59,63,55
1232564,65,58,58
1232565,52,54,62
1232566,60,59,58
1232567,59,58,52
1232568,59,63,65
1232569,60,54,61
1232570,59,58,58
1232571,60,62,66
1232572,58,60,62
1232573,63,60,61
1232574,61,59,62
1232575,60,59,60
1232576,64,66,66
1232577,61,56,63
1232578,58,60,62
1232579,58,58,63
1232580,59,52,62
1232581,63,66,55
1232582,60,56,60
1232583,62,58,60
1232584,58,65,67
1232585,63,60,51
1232586,62,57,54
1232587,58,61,62
1232588,58,60,66
1232589,58,53,64
1232590,58,56,62
1232591,62,59,60
1232592,59,64,58
1232593,59,59,59
1232594,56,60,57
1232595,56,59,65
1232596,61,61,49
1232597,60,56,64
1232598,59,67,57
1232599,61,57,60
1232600,60,51,57
1232601,54,57,69
1232602,59,50,63
1232603,60,65,55
1232604,62,64,67
1232605,61,55,54
1232606,63,56,59
1232607,64,53,59
1232608,59,60,58
1232609,58,63,64
1232610,65,59,55
1232611,63,59,51
1232612,55,59,57
1232613,63,63,61
1232614,62,62,58
1232615,59,60,56
1232616,56,56,54
1232617,52,62,62
1232618,58,60,59
1232619,56,56,61
1232620,61,58,58
1232621,60,60,63
1232622,56,57,67
1232623,63,59,60
1232624,58,58,66
1232625,64,63,57
1232626,60,67,52
1232627,59,61,49
1232628,58,57,52
1232629,59,64,58
1232630,63,59,57
1232631,64,63,51
1232632,62,59,60
1232633,58,59,56
1232634,60,59,64
1232635,59,59,54
1232636,62,58,59
1232637,58,60,58
1232638,55,58,62
1232639,61,63,67
1232640,60,57,57
1232641,56,57,55
1232642,58,55,58
1232643,56,58,60
1232644,65,56,51
1232645,62,55,60
1232646,60,60,61
1232647,58,57,56
1232648,61,56,54
1232649,57,59,54
1232650,57,47,55
1232651,60,64,67
1232652,55,62,65
1232653,60,60,62
1232654,60,58,58
1232655,59,59,57
1232656,62,57,64
1232657,60,58,64
1232658,59,62,60
1232659,62,58,58
1232660,59,61,55
1232661,61,62,61
1232662,54,55,67
1232663,59,61,59
1232664,59,57,57
1232665,58,55,53
1232666,60,52,65
1232667,56,61,65
1232668,57,54,61
1232669,60,65,70
1232670,58,57,55
1232671,58,54,66
1232672,54,62,59
1232673,60,62,65
1232674,64,63,54
1232675,60,58,62
1232676,54,62,56
1232677,60,52,64
1232678,60,63,57
1232679,66,56,60
1232680,56,56,64
1232681,61,54,62
1232682,59,58,65
1232683,61,59,59
1232684,61,53,61
1232685,62,58,58
1232686,58,62,58
1232687,60,60,54
1232688,58,56,59
1232689,57,63,61
1232690,60,62,63
1232691,63,50,63
1232692,60,62,55
1232693,55,64,60
1232694,57,55,64
1232695,59,63,65
1232696,57,58,57
1232697,56,55,63
1232698,54,67,54
1232699,59,65,65
1232700,60,56,68
1232701,55,59,65
1232702,57,63,66
1232703,59,60,61
1232704,61,49,64
1232705,62,59,63
1232706,59,62,61
1232707,61,68,62
1232708,62,61,62
1232709,65,52,56
1232710,66,59,60
1232711,60,53,47
1232712,56,61,57
1232713,54,56,61
1232714,61,54,66
1232715,57,63,69
1232716,50,64,65
1232717,58,60,64
1232718,54,59,55
1232719,63,65,58
1232720,61,66,55
1232721,54,66,58
1232722,63,62,56
1232723,61,67,53
1232724,59,64,62
1232725,59,62,62
1232726,62,60,61
1232727,63,54,63
1232728,54,62,53
1232729,64,60,59
1232730,60,60,61
1232731,57,62,46
1232732,59,57,64
1232733,61,66,60
1232734,60,60,57
1232735,59,55,67
1232736,61,66,60
1232737,58,58,62
1232738,58,53,53
1232739,61,54,63
1232740,54,65,50
1232741,55,65,58
1232742,55,71,66
1232743,53,57,52
1232744,59,58,64
1232745,64,62,62
1232746,62,59,63
1232747,60,61,62
1232748,58,58,59
1232749,61,55,57
1232750,57,63,59
1232751,60,56,59
1232752,60,53,68
1232753,65,67,54
1232754,56,63,55
1232755,55,60,54
1232756,53,60,54
1232757,60,56,53
1232758,61,58,58
1232759,57,60,53
1232760,61,62,58
1232761,58,59,59
1232762,57,58,64
1232763,60,57,52
1232764,58,59,51
1232765,65,57,59
1232766,54,58,55
1232767,55,56,66
1232768,57,55,55
1232769,64,65,59
1232770,60,65,60
1232771,56,55,68
1232772,61,57,49
1232773,65,55,65
1232774,59,62,53
1232775,62,62,56
1232776,66,58,60
1232777,54,61,64
1232778,63,62,53
1232779,62,63,62
1232780,59,62,58
1232781,61,63,61
1232782,62,56,63
1232783,66,62,68
1232784,62,55,64
1232785,57,61,62
1232786,56,60,53
1232787,61,62,51
1232788,63,60,62
1232789,57,52,65
1232790,57,63,62
1232791,62,61,63
1232792,57,59,68
1232793,59,57,59
1232794,55,54,53
1232795,56,59,61
1232796,57,64,58
1232797,55,62,68
1232798,57,56,61
1232799,63,55,66
1232800,58,59,54
1232801,63,57,59
1232802,60,59,62
1232803,59,59,63
1232804,55,60,61
1232805,64,63,62
1232806,65,57,58
1232807,58,53,57
1232808,64,61,63
1232809,57,56,60
1232810,61,58,50
1232811,58,57,65
1232812,60,55,58
1232813,59,59,62
1232814,55,52,67
1232815,62,58,47
1232816,59,58,56
1232817,62,57,66
1232818,59,60,61
1232819,62,63,63
1232820,59,60,62
1232821,60,62,57
1232822,60,60,60
1232823,58,56,61
1232824,62,60,72
1232825,62,62,58
1232826,60,62,55
1232827,64,62,58
1232828,59,54,59
1232829,59,53,63
1232830,57,57,65
1232831,60,66,65
1232832,54,58,73
1232833,61,57,65
1232834,62,57,64
1232835,57,59,60
1232836,61,63,65
1232837,58,64,64
1232838,61,57,65
1232839,59,54,55
1232840,54,68,55
1232841,59,58,58
1232842,60,53,60
1232843,62,58,62
1232844,59,62,55
1232845,65,64,62
1232846,58,60,59
1232847,57,53,52
1232848,59,64,66
1232849,62,49,54
1232850,61,62,61
1232851,59,58,61
1232852,59,64,58
1232853,51,53,57
1232854,60,58,57
1232855,61,54,52
1232856,58,57,58
1232857,63,57,67
1232858,64,63,59
1232859,65,57,56
1232860,60,62,49
1232861,66,59,57
1232862,58,62,57
1232863,61,62,55
1232864,61,61,55
1232865,59,62,58
1232866,56,60,54
1232867,63,55,51
1232868,60,58,54
1232869,63,66,58
1232870,59,66,58
1232871,65,60,60
1232872,62,63,56
1232873,64,60,51
1232874,56,60,61
1232875,60,60,53
1232876,62,59,65
1232877,64,59,63
1232878,56,52,62
1232879,58,65,64
1232880,55,55,55
1232881,61,63,52
1232882,63,56,59
1232883,64,54,70
1232884,58,67,51
1232885,55,56,57
1232886,63,61,58
1232887,61,64,50
1232888,58,62,64
1232889,56,50,58
1232890,57,52,60
1232891,63,61,67
1232892,59,59,57
1232893,55,62,53
1232894,61,64,55
1232895,58,61,60
1232896,59,58,59
1232897,57,63,65
1232898,57,61,57
1232899,63,59,61
1232900,64,63,54
1232901,61,54,64
1232902,65,58,56
1232903,59,64,68
1232904,63,60,52
1232905,60,58,64
1232906,57,54,59
1232907,63,62,51
1232908,57,54,67
1232909,62,64,62
1232910,60,56,55
1232911,55,67,60
1232912,60,61,59
1232913,55,57,60
1232914,59,51,58
1232915,56,64,64
1232916,58,62,62
1232917,63,58,58
1232918,56,61,56
1232919,55,51,54
1232920,61,61,60
1232921,61,59,60
1232922,63,58,51
1232923,58,60,57
1232924,55,57,73
1232925,62,60,54
1232926,62,60,53
1232927,59,58,62
1232928,63,54,49
1232929,62,62,60
1232930,65,59,65
1232931,60,69,57
1232932,58,60,69
1232933,57,59,53
1232934,62,65,64
1232935,60,62,53
1232936,60,55,44
1232937,55,59,56
1232938,55,62,62
1232939,56,62,55
1232940,57,56,67
1232941,58,58,62
1232942,60,62,59
1232943,64,61,50
1232944,58,58,62
1232945,62,66,62
1232946,61,61,55
1232947,59,58,57
1232948,60,57,60
1232949,57,65,55
1232950,59,59,57
1232951,60,66,62
1232952,67,57,69
1232953,60,58,56
1232954,57,53,63
1232955,60,65,63
1232956,60,62,53
1232957,63,69,64
1232958,60,62,61
1232959,58,69,58
1232960,57,68,66
1232961,60,60,51
1232962,66,63,50
1232963,61,65,62
1232964,61,66,58
1232965,63,57,64
1232966,62,58,61
1232967,60,53,57
1232968,63,59,67
1232969,59,70,54
1232970,59,50,53
1232971,55,58,58
1232972,64,57,68
1232973,61,59,61
1232974,58,67,66
1232975,56,62,55
1232976,63,62,58
1232977,62,60,59
1232978,65,63,61
1232979,58,59,65
1232980,63,65,66
1232981,61,64,61
1232982,50,58,65
1232983,54,60,63
1232984,58,60,61
1232985,64,62,62
1232986,63,60,56
1232987,59,64,57
1232988,64,54,62
1232989,60,64,58
1232990,56,57,55
1232991,59,65,53
1232992,60,55,43
1232993,59,52,53
1232994,58,60,58
1232995,55,63,54
1232996,55,51,61
1232997,55,50,60
1232998,55,56,55
1232999,59,60,56
1233000,57,63,53
1233001,59,66,49
1233002,57,57,55
1233003,57,61,62
1233004,54,64,52
1233005,58,63,57
1233006,56,60,63
1233007,63,58,58
1233008,53,61,63
1233009,58,64,59
1233010,58,54,54
1233011,56,52,53
1233012,59,66,66
1233013,55,55,69
1233014,61,66,64
1233015,59,59,58
1233016,66,52,56
1233017,60,68,70
1233018,58,64,58
1233019,58,57,53
1233020,61,56,54
1233021,58,57,59
1233022,58,61,63
1233023,59,60,64
1233024,63,63,64
1233025,57,60,59
1233026,61,63,58
1233027,60,51,60
1233028,57,60,61
1233029,55,61,59
1233030,61,55,55
1233031,60,53,62
1233032,64,57,64
1233033,63,62,59
1233034,60,62,58
1233035,63,62,52
1233036,64,61,53
1233037,58,62,62
1233038,61,59,63
1233039,62,60,64
1233040,60,64,54
1233041,55,60,59
1233042,58,48,57
1233043,61,60,66
1233044,61,56,65
1233045,60,58,63
1233046,60,63,65
1233047,60,64,58
1233048,57,59,65
1233049,54,57,53
1233050,61,61,59
1233051,59,60,49
1233052,56,58,51
1233053,59,59,57
1233054,57,63,67
1233055,61,57,58
1233056,63,60,54
1233057,59,65,65
1233058,57,58,71
1233059,59,59,54
1233060,59,59,59
1233061,61,62,59
1233062,60,61,55
1233063,60,58,55
1233064,54,54,61
1233065,60,67,58
1233066,57,55,51
1233067,59,58,64
1233068,58,54,61
1233069,59,60,57
1233070,56,61,60
1233071,61,62,57
1233072,59,64,49
1233073,58,63,58
1233074,60,60,64
1233075,63,54,63
1233076,58,66,68
1233077,61,58,57
1233078,55,62,59
1233079,54,57,54
1233080,61,60,54
1233081,62,66,58
1233082,62,60,62
1233083,59,63,59
1233084,60,55,64
1233085,65,61,66
1233086,63,60,64
1233087,60,57,56
1233088,58,57,74
1233089,61,60,51
1233090,59,52,63
1233091,55,59,63
1233092,60,60,59
1233093,65,60,58
1233094,60,65,55
1233095,55,61,60
1233096,59,58,61
1233097,55,61,58
1233098,58,67,62
1233099,57,52,57
1233100,58,57,65
1233101,57,64,62
1233102,65,63,72
1233103,56,57,61
1233104,58,53,56
1233105,58,61,67
1233106,59,55,57
1233107,65,56,53
1233108,60,56,64
1233109,57,59,62
1233110,59,59,56
1233111,58,56,58
1233112,59,57,63
1233113,61,64,60
1233114,59,58,64
1233115,61,62,63
1233116,63,56,58
1233117,59,59,54
1233118,60,65,60
1233119,57,55,54
1233120,57,64,67
1233121,63,67,51
1233122,62,59,64
1233123,55,56,62
1233124,59,64,67
1233125,63,65,60
1233126,61,64,66
1233127,61,60,63
1233128,62,60,62
1233129,57,61,60
1233130,59,70,62
1233131,57,58,59
1233132,60,62,62
1233133,63,59,61
1233134,59,62,59
1233135,58,62,64
1233136,62,63,56
1233137,61,57,67
1233138,60,56,52
1233139,57,58,59
1233140,63,62,51
1233141,63,60,61
1233142,58,53,58
1233143,61,57,55
1233144,57,66,55
1233145,55,57,65
1233146,55,64,54
1233147,60,66,56
1233148,62,56,54
1233149,55,60,60
1233150,58,61,52
1233151,61,59,58
1233152,62,61,60
1233153,57,57,62
1233154,61,58,55
1233155,62,61,65
1233156,58,56,66
1233157,61,52,62
1233158,57,54,58
1233159,62,62,54
1233160,60,60,59
1233161,58,57,60
1233162,59,59,55
1233163,62,55,65
1233164,58,66,58
1233165,55,59,59
1233166,62,55,59
1233167,61,62,52
1233168,61,57,59
1233169,59,54,60
1233170,61,55,52
1233171,57,55,57
1233172,62,57,56
1233173,61,62,62
1233174,58,66,55
1233175,61,59,52
1233176,57,60,52
1233177,62,54,58
1233178,61,57,62
1233179,55,58,58
1233180,64,63,56
1233181,60,64,54
1233182,63,60,65
1233183,54,53,51
1233184,62,68,57
1233185,58,64,62
1233186,59,64,61
1233187,62,52,64
1233188,60,57,58
1233189,55,59,49
1233190,60,62,60
1233191,59,64,59
1233192,58,68,62
1233193,61,61,55
1233194,56,63,67
1233195,63,57,55
1233196,55,61,53
1233197,61,61,54
1233198,61,60,56
1233199,62,61,63
1233200,62,64,60
1233201,58,59,59
1233202,58,57,58
1233203,59,59,64
1233204,60,62,59
1233205,59,56,62
1233206,57,60,61
1233207,64,57,57
1233208,55,59,58
1233209,56,57,61
1233210,61,53,61
1233211,58,65,62
1233212,57,59,56
1233213,58,57,58
1233214,55,57,59
1233215,56,61,50
1233216,59,59,60
1233217,58,58,63
1233218,63,65,57
1233219,59,55,55
1233220,65,55,68
1233221,63,58,69
1233222,61,52,60
1233223,56,60,62
1233224,64,62,64
1233225,54,52,62
1233226,63,59,63
1233227,60,58,55
1233228,58,50,61
1233229,59,59,55
1233230,56,58,68
1233231,61,56,61
1233232,58,67,59
1233233,60,57,57
1233234,62,62,60
1233235,57,60,54
1233236,60,67,58
1233237,61,60,65
1233238,60,62,60
1233239,60,61,61
1233240,58,56,61
1233241,63,64,62
1233242,54,51,64
1233243,54,61,56
1233244,58,58,59
1233245,59,50,57
1233246,56,60,63
1233247,60,64,67
1233248,57,54,62
1233249,63,60,65
1233250,58,62,58
1233251,56,58,54
1233252,58,56,68
1233253,65,65,60
1233254,63,58,61
1233255,60,54,56
1233256,61,59,56
1233257,56,67,62
1233258,56,60,60
1233259,58,63,57
1233260,58,59,65
1233261,60,63,63
1233262,67,59,59
1233263,59,61,65
1233264,64,59,59
1233265,58,58,67
1233266,61,56,62
1233267,58,69,55
1233268,59,54,60
1233269,59,49,64
1233270,59,51,48
1233271,57,60,61
1233272,63,64,58
1233273,59,66,51
1233274,60,59,64
1233275,61,60,65
1233276,60,52,60
1233277,60,59,58
1233278,60,59,67
1233279,61,60,50
1233280,54,56,60
1233281,57,52,57
1233282,61,64,60
1233283,62,57,59
1233284,67,62,61
1233285,64,63,55
1233286,56,54,64
1233287,65,59,61
1233288,62,65,60
1233289,59,60,61
1233290,57,58,64
1233291,61,53,55
1233292,65,60,60
1233293,59,65,58
1233294,60,62,65
1233295,62,67,60
1233296,55,59,57
1233297,57,59,52
1233298,57,64,63
1233299,55,66,63
1233300,55,56,64
1233301,57,55,65
1233302,59,59,54
1233303,65,61,63
1233304,57,59,58
1233305,59,62,58
1233306,63,62,63
1233307,60,56,60
1233308,58,60,58
1233309,62,62,54
1233310,56,53,60
1233311,58,61,59
1233312,56,53,62
1233313,61,52,59
1233314,64,60,57
1233315,66,57,57
1233316,60,59,56
1233317,64,64,64
1233318,55,58,68
1233319,61,60,54
1233320,57,59,67
1233321,64,66,65
1233322,65,62,47
1233323,59,63,70
1233324,62,60,55
1233325,63,61,52
1233326,59,65,47
1233327,62,57,61
1233328,62,55,65
1233329,60,59,64
1233330,64,62,55
1233331,58,57,59
1233332,59,58,54
1233333,59,59,55
1233334,64,62,62
1233335,61,59,55
1233336,61,61,56
1233337,62,56,69
1233338,62,57,57
1233339,61,63,60
1233340,64,59,62
1233341,53,56,63
1233342,61,59,54
1233343,62,53,60
1233344,57,59,61
1233345,61,59,54
1233346,56,54,62
1233347,61,67,62
1233348,55,60,57
1233349,53,63,50
1233350,60,61,65
1233351,57,54,59
1233352,60,55,60
1233353,61,60,63
1233354,59,55,61
1233355,62,57,61
1233356,60,64,53
1233357,62,58,55
1233358,56,66,58
1233359,63,57,62
1233360,60,60,67
1233361,58,54,51
1233362,61,57,58
1233363,56,59,58
1233364,61,58,66
1233365,60,66,56
1233366,63,57,53
1233367,57,59,56
1233368,60,66,68
1233369,55,60,60
1233370,55,61,53
1233371,63,55,59
1233372,58,52,65
1233373,58,54,60
1233374,61,52,59
1233375,53,58,52
1233376,63,67,62
1233377,54,55,69
1233378,57,64,63
1233379,60,58,59
1233380,58,50,55
1233381,55,63,61
1233382,61,60,67
1233383,57,64,69
1233384,63,61,65
1233385,61,66,66
1233386,58,58,53
1233387,53,64,52
1233388,56,54,51
1233389,62,59,58
1233390,64,62,69
1233391,57,60,57
1233392,60,61,60
1233393,57,62,55
1233394,60,58,62
1233395,59,62,53
1233396,59,60,67
1233397,59,61,68
1233398,63,51,66
1233399,58,59,56
1233400,56,68,65
1233401,60,57,57
1233402,62,58,56
1233403,61,57,71
1233404,58,67,55
1233405,62,62,56
1233406,58,57,57
1233407,62,68,64
1233408,55,64,60
1233409,64,58,60
1233410,60,62,60
1233411,62,54,51
1233412,62,57,62
1233413,58,60,53
1233414,61,59,59
1233415,58,61,59
1233416,56,54,58
1233417,59,57,55
1233418,58,59,68
1233419,62,56,59
1233420,57,52,57
1233421,56,54,60
1233422,62,63,62
1233423,59,59,58
1233424,66,63,50
1233425,61,55,61
1233426,59,55,63
1233427,59,62,58
1233428,60,66,59
1233429,60,57,52
1233430,61,59,61
1233431,61,68,57
1233432,54,53,52
1233433,62,60,59
1233434,60,61,63
1233435,65,58,66
1233436,63,54,64
1233437,59,57,57
1233438,59,52,63
1233439,60,61,58
1233440,63,52,61
1233441,57,56,57
1233442,60,57,59
1233443,58,60,50
1233444,63,67,61
1233445,57,66,72
1233446,66,54,59
1233447,59,60,54
1233448,59,56,59
1233449,57,56,56
1233450,60,57,59
1233451,60,64,54
1233452,66,59,51
1233453,54,56,56
1233454,58,57,58
1233455,59,63,61
1233456,56,61,57
1233457,64,58,53
1233458,63,57,60
1233459,59,60,66
1233460,61,58,59
1233461,56,58,69
1233462,59,54,65
1233463,60,54,55
1233464,62,62,61
1233465,56,59,55
1233466,56,60,63
1233467,64,62,64
1233468,59,64,58
1233469,63,56,61
1233470,64,57,56
1233471,64,53,55
1233472,56,61,58
1233473,62,57,63
1233474,55,59,52
1233475,59,61,58
1233476,57,65,54
1233477,55,57,63
1233478,60,67,51
1233479,60,60,57
1233480,61,64,54
1233481,60,61,66
1233482,60,57,60
1233483,61,62,51
1233484,57,54,62
1233485,58,47,57
1233486,61,64,58
1233487,60,60,69
1233488,61,57,51
1233489,60,58,51
1233490,64,56,57
1233491,60,58,59
1233492,57,54,59
1233493,66,63,64
1233494,66,61,64
1233495,59,63,54
1233496,59,53,62
1233497,61,57,56
1233498,60,58,55
1233499,60,57,67
1233500,60,60,64
1233501,55,51,52
1233502,62,61,61
1233503,63,57,57
1233504,58,58,56
1233505,55,62,68
1233506,58,62,62
1233507,59,54,66
1233508,58,59,61
1233509,54,59,54
1233510,60,56,58
1233511,60,54,54
1233512,62,64,58
1233513,59,64,65
1233514,56,56,70
1233515,61,60,55
1233516,59,60,63
1233517,58,52,58
1233518,63,65,56
1233519,57,59,59
1233520,59,63,55
1233521,61,63,65
1233522,57,56,57
1233523,60,53,71
1233524,58,64,62
1233525,60,59,71
1233526,56,65,59
1233527,57,62,57
1233528,60,59,60
1233529,62,60,66
1233530,64,54,59
1233531,57,55,53
1233532,55,58,55
1233533,62,55,57
1233534,64,48,58
1233535,63,60,54
1233536,62,55,57
1233537,56,67,55
1233538,60,62,62
1233539,59,58,56
1233540,62,61,58
1233541,61,55,53
1233542,59,59,62
1233543,62,65,68
1233544,55,63,51
1233545,58,66,58
1233546,61,60,63
1233547,63,67,60
1233548,64,63,64
1233549,65,55,51
1233550,66,52,52
1233551,59,55,60
1233552,60,55,57
1233553,58,62,56
1233554,62,60,71
1233555,60,59,62
1233556,60,60,58
1233557,60,65,60
1233558,62,54,56
1233559,53,58,58
1233560,60,57,54
1233561,55,65,57
1233562,60,64,52
1233563,55,56,63
1233564,58,62,58
1233565,62,60,64
1233566,62,62,54
1233567,55,54,61
1233568,59,60,57
1233569,65,60,57
1233570,53,59,56
1233571,60,61,60
1233572,60,51,55
1233573,53,66,59
1233574,60,61,57
1233575,59,58,58
1233576,60,60,60
1233577,54,63,62
1233578,60,56,65
1233579,60,64,53
1233580,51,57,60
1233581,64,63,52
1233582,61,56,57
1233583,60,57,65
1233584,60,63,63
1233585,62,56,60
1233586,60,65,59
1233587,64,53,62
1233588,57,55,55
1233589,62,57,63
1233590,59,60,57
1233591,56,56,54
1233592,65,61,65
1233593,58,63,62
1233594,61,63,61
1233595,57,53,66
1233596,60,65,55
1233597,50,69,59
1233598,63,55,61
1233599,61,66,55
1233600,62,59,63
1233601,60,63,59
1233602,59,63,62
1233603,57,64,61
1233604,58,60,53
1233605,62,63,62
1233606,56,59,48
1233607,59,63,61
1233608,60,60,58
1233609,64,59,61
1233610,57,63,63
1233611,54,67,55
1233612,64,59,49
1233613,60,66,59
1233614,58,56,66
1233615,60,60,65
1233616,60,66,57
1233617,58,55,66
1233618,63,63,67
1233619,60,63,65
1233620,61,64,62
1233621,63,58,58
1233622,55,59,54
1233623,63,68,50
1233624,63,61,61
1233625,58,58,58
1233626,55,48,59
1233627,60,62,56
1233628,58,64,69
1233629,61,60,52
1233630,63,60,54
1233631,50,59,60
1233632,57,58,61
1233633,58,53,64
1233634,62,65,58
1233635,60,54,68
1233636,57,60,51
1233637,62,59,58
1233638,58,54,61
1233639,60,57,68
1233640,58,62,56
1233641,59,63,57
1233642,60,65,61
1233643,58,59,52
1233644,58,59,49
1233645,59,58,59
1233646,61,61,62
1233647,59,61,53
1233648,56,60,65
1233649,56,61,57
1233650,59,67,57
1233651,64,58,57
1233652,57,64,65
1233653,63,63,56
1233654,62,66,66
1233655,62,57,61
1233656,57,62,59
1233657,58,55,59
1233658,58,53,64
1233659,63,59,56
1233660,61,59,57
1233661,62,53,63
1233662,64,62,60
1233663,54,58,56
1233664,61,62,51
1233665,60,56,61
1233666,60,60,56
1233667,57,63,57
1233668,57,62,60
1233669,59,59,50
1233670,65,64,57
1233671,61,59,54
1233672,61,59,71
1233673,58,57,63
1233674,61,59,64
1233675,62,63,55
1233676,58,60,66
1233677,55,65,60
1233678,53,58,58
1233679,60,62,53
1233680,53,60,68
1233681,55,61,58
1233682,58,58,60
1233683,58,58,52
1233684,59,61,52
1233685,65,57,62
1233686,62,60,55
1233687,56,55,63
1233688,55,67,57
1233689,57,55,61
1233690,63,54,61
1233691,62,55,58
1233692,61,65,52
1233693,58,58,60
1233694,59,59,65
1233695,54,65,59
1233696,56,57,59
1233697,57,65,61
1233698,59,61,57
1233699,62,58,66
1233700,60,58,61
1233701,59,59,56
1233702,60,59,65
1233703,60,61,54
1233704,63,67,45
1233705,61,64,62
1233706,56,55,59
1233707,61,61,59
1233708,60,65,60
1233709,63,55,55
1233710,65,55,62
1233711,58,60,58
1233712,55,54,51
1233713,57,56,57
1233714,63,58,50
1233715,66,63,64
1233716,54,60,51
1233717,57,59,56
1233718,62,62,64
1233719,58,63,67
1233720,57,65,63
1233721,57,57,56
1233722,58,62,53
1233723,65,59,62
1233724,58,60,52
1233725,59,70,45
1233726,61,56,62
1233727,58,61,53
1233728,54,58,49
1233729,60,62,55
1233730,62,62,60
1233731,62,52,61
1233732,55,58,57
1233733,61,70,64
1233734,63,58,73
1233735,56,59,59
1233736,64,59,56
1233737,61,64,54
1233738,62,60,69
1233739,63,61,65
1233740,64,61,54
1233741,60,56,56
1233742,64,59,55
1233743,62,57,60
1233744,63,62,58
1233745,61,57,63
1233746,61,52,56
1233747,61,64,60
1233748,55,60,63
1233749,58,61,62
1233750,55,59,52
1233751,67,58,67
1233752,63,56,69
1233753,61,59,66
1233754,58,59,65
1233755,59,63,57
1233756,59,57,59
1233757,56,66,65
1233758,58,66,55
1233759,62,57,58
1233760,59,64,63
1233761,62,61,64
1233762,57,54,69
1233763,56,51,60
1233764,60,56,62
1233765,61,59,64
1233766,67,58,58
1233767,62,59,53
1233768,62,54,63
1233769,59,67,62
1233770,60,61,64
1233771,53,54,57
1233772,58,60,63
1233773,62,56,55
1233774,55,65,60
1233775,60,60,58
1233776,60,48,68
1233777,63,56,59
1233778,55,62,60
1233779,61,62,62
1233780,61,53,56
1233781,57,69,60
1233782,59,63,45
1233783,62,55,57
1233784,59,62,58
1233785,55,58,61
1233786,60,57,55
1233787,60,61,61
1233788,62,54,58
1233789,59,62,65
1233790,62,58,64
1233791,60,64,57
1233792,58,56,59
1233793,64,58,64
1233794,55,55,65
1233795,60,55,55
1233796,60,55,61
1233797,60,59,64
1233798,58,65,66
1233799,56,66,61
1233800,66,60,51
1233801,57,63,52
1233802,60,64,63
1233803,66,51,63
1233804,62,63,64
1233805,66,60,61
1233806,57,54,60
1233807,59,71,55
1233808,60,67,49
1233809,58,58,60
1233810,68,54,65
1233811,63,56,67
1233812,65,64,50
1233813,64,59,54
1233814,60,64,58
1233815,58,60,69
1233816,54,59,58
1233817,54,56,59
1233818,53,63,66
1233819,57,59,61
1233820,58,66,59
1233821,59,57,61
1233822,58,59,50
1233823,58,60,62
1233824,56,57,68
1233825,61,63,60
1233826,57,58,65
1233827,63,60,59
1233828,52,51,55
1233829,57,57,59
1233830,60,66,54
1233831,51,59,65
1233832,57,65,59
1233833,56,56,64
1233834,59,62,65
1233835,60,64,57
1233836,61,60,63
1233837,61,62,64
1233838,52,63,64
1233839,59,64,66
1233840,54,57,69
1233841,59,54,60
1233842,62,65,83
1233843,64,61,66
1233844,58,55,60
1233845,63,63,58
1233846,56,64,63
1233847,61,60,66
1233848,54,66,60
1233849,63,55,54
1233850,51,51,63
1233851,61,59,65
1233852,54,58,61
1233853,61,65,68
1233854,58,57,49
1233855,57,55,69
1233856,58,60,54
1233857,59,56,64
1233858,59,65,68
1233859,60,53,63
1233860,61,65,52
1233861,58,55,58
1233862,56,61,59
1233863,59,57,60
1233864,61,61,54
1233865,60,57,52
1233866,63,57,63
1233867,62,58,68
1233868,58,61,53
1233869,61,60,51
1233870,56,66,58
1233871,61,58,65
1233872,60,59,60
1233873,60,64,63
1233874,63,56,58
1233875,55,63,62
1233876,59,61,62
1233877,60,54,56
1233878,59,58,52
1233879,56,59,53
1233880,53,55,65
1233881,61,59,63
1233882,59,58,64
1233883,57,61,61
1233884,58,62,58
1233885,59,53,61
1233886,63,55,71
1233887,69,55,56
1233888,58,65,62
1233889,62,56,61
1233890,58,60,61
1233891,65,59,62
1233892,60,63,54
1233893,59,56,64
1233894,58,64,60
1233895,61,54,58
1233896,57,58,72
1233897,55,64,58
1233898,61,61,55
1233899,62,56,58
1233900,61,63,66
1233901,56,58,53
1233902,60,60,66
1233903,61,64,55
1233904,62,57,58
1233905,63,65,50
1233906,56,65,56
1233907,60,51,53
1233908,62,61,56
1233909,59,48,57
1233910,60,67,51
1233911,63,58,61
1233912,60,57,75
1233913,65,58,57
1233914,61,58,60
1233915,58,57,52
1233916,55,60,63
1233917,62,59,58
1233918,58,64,56
1233919,57,66,61
1233920,60,55,64
1233921,65,59,56
1233922,61,68,62
1233923,58,65,58
1233924,56,62,60
1233925,62,62,61
1233926,63,62,61
1233927,58,63,60
1233928,57,54,59
1233929,59,53,61
1233930,60,56,66
1233931,56,60,64
1233932,66,63,60
1233933,62,54,63
1233934,61,56,60
1233935,60,57,55
1233936,58,58,59
1233937,60,63,59
1233938,61,60,53
1233939,58,58,53
1233940,65,60,58
1233941,59,57,61
1233942,57,58,63
1233943,62,60,71
1233944,62,58,54
1233945,61,59,54
1233946,62,54,70
1233947,61,59,63
1233948,58,61,56
1233949,64,55,62
1233950,59,65,47
1233951,56,59,63
1233952,55,63,50
1233953,59,55,58
1233954,60,65,62
1233955,59,66,57
1233956,56,61,63
1233957,59,56,64
1233958,61,59,67
1233959,62,61,60
1233960,56,59,64
1233961,56,62,64
1233962,59,63,54
1233963,59,56,67
1233964,58,64,58
1233965,57,58,44
1233966,56,63,56
1233967,60,63,57
1233968,58,70,55
1233969,67,64,56
1233970,61,63,59
1233971,61,62,60
1233972,61,55,62
1233973,62,50,58
1233974,62,61,66
1233975,59,65,59
1233976,58,51,66
1233977,55,61,53
1233978,59,59,59
1233979,62,61,65
1233980,62,57,55
1233981,61,67,53
1233982,58,56,58
1233983,56,60,59
1233984,62,58,59
1233985,61,61,61
1233986,62,57,62
1233987,56,55,61
1233988,62,60,59
1233989,54,57,60
1233990,69,61,54
1233991,66,64,56
1233992,60,51,61
1233993,60,59,61
1233994,62,61,62
1233995,58,51,59
1233996,65,65,54
1233997,56,59,63
1233998,58,62,63
1233999,61,58,60
1234000,61,62,62
1234001,66,52,68
1234002,63,66,56
1234003,56,62,70
1234004,63,51,62
1234005,62,59,53
1234006,62,58,58
1234007,62,59,61
1234008,58,59,62
1234009,59,54,62
1234010,60,56,53
1234011,59,66,62
1234012,60,65,55
1234013,58,61,58
1234014,54,58,59
1234015,65,57,63
1234016,61,65,55
1234017,61,65,58
1234018,61,58,66
1234019,63,66,60
1234020,61,55,63
1234021,63,54,61
1234022,62,57,63
1234023,56,63,57
1234024,62,58,64
1234025,59,58,51
1234026,62,68,67
1234027,56,60,58
1234028,58,63,59
1234029,60,56,53
1234030,56,61,61
1234031,56,61,55
1234032,61,66,60
1234033,56,57,70
1234034,54,66,63
1234035,60,61,61
1234036,53,58,64
1234037,57,51,65
1234038,61,54,64
1234039,62,63,59
1234040,61,56,60
1234041,52,62,52
1234042,60,58,58
1234043,60,61,51
1234044,61,57,61
1234045,56,66,54
1234046,56,64,72
1234047,58,61,58
1234048,60,63,56
1234049,62,67,65
1234050,64,68,59
1234051,58,60,62
1234052,57,64,47
1234053,57,58,61
1234054,58,58,55
1234055,60,56,61
1234056,54,58,53
1234057,59,67,69
1234058,59,60,52
1234059,63,56,56
1234060,61,58,52
1234061,55,63,60
1234062,59,54,63
1234063,63,59,50
1234064,60,52,57
1234065,63,56,66
1234066,62,56,64
1234067,61,55,65
1234068,60,57,53
1234069,62,68,55
1234070,57,60,58
1234071,56,62,59
1234072,59,58,68
1234073,60,62,66
1234074,62,53,61
1234075,60,65,50
1234076,64,57,68
1234077,57,55,65
1234078,62,55,63
1234079,62,57,67
1234080,59,59,62
1234081,57,64,57
1234082,54,59,59
1234083,57,62,63
1234084,62,51,58
1234085,64,58,60
1234086,61,56,64
1234087,60,59,61
1234088,63,54,63
1234089,61,55,58
1234090,58,54,74
1234091,62,58,61
1234092,64,64,60
1234093,58,56,52
1234094,62,63,61
1234095,55,51,70
1234096,64,61,59
1234097,62,57,53
1234098,58,65,57
1234099,58,60,62
1234100,64,60,56
1234101,56,55,53
1234102,59,52,49
1234103,66,59,61
1234104,58,54,51
1234105,61,51,63
1234106,53,60,67
1234107,59,54,61
1234108,60,58,56
1234109,57,51,55
1234110,60,56,46
1234111,59,56,51
1234112,60,60,70
1234113,53,59,50
1234114,58,63,65
1234115,66,53,56
1234116,62,52,55
1234117,60,56,63
1234118,56,57,55
1234119,65,54,43
1234120,55,52,62
1234121,56,58,54
1234122,58,61,57
1234123,56,54,56
1234124,58,61,60
1234125,66,65,58
1234126,60,65,70
1234127,58,48,65
1234128,60,61,64
1234129,58,56,58
1234130,61,61,66
1234131,61,55,59
1234132,62,65,60
1234133,64,56,60
1234134,66,59,49
1234135,63,61,56
1234136,57,59,55
1234137,59,61,52
1234138,52,61,62
1234139,62,61,59
1234140,58,50,58
1234141,62,63,55
1234142,66,65,62
1234143,53,61,65
1234144,63,52,58
1234145,61,55,56
1234146,61,61,54
1234147,56,67,60
1234148,56,61,49
1234149,59,61,56
1234150,64,63,61
1234151,60,63,59
1234152,64,62,70
1234153,62,64,58
1234154,60,57,61
1234155,62,58,59
1234156,63,64,57
1234157,66,69,49
1234158,60,60,61
1234159,55,58,58
1234160,59,51,50
1234161,59,55,60
1234162,59,58,67
1234163,59,63,63
1234164,61,65,62
1234165,65,55,46
1234166,61,60,55
1234167,61,62,62
1234168,57,57,54
1234169,58,62,44
1234170,61,61,58
1234171,58,64,60
1234172,56,59,69
1234173,55,61,60
1234174,62,66,64
1234175,61,53,55
1234176,61,54,59
1234177,61,65,54
1234178,57,54,59
1234179,58,58,57
1234180,59,58,61
1234181,61,65,61
1234182,59,60,57
1234183,57,63,56
1234184,57,68,56
1234185,61,61,69
1234186,62,59,66
1234187,57,59,62
1234188,64,60,58
1234189,60,60,52
1234190,57,56,65
1234191,60,62,64
1234192,55,56,55
1234193,56,55,61
1234194,57,51,65
1234195,62,62,65
1234196,59,59,61
1234197,60,48,59
1234198,59,65,57
1234199,59,67,61
1234200,64,55,64
1234201,59,56,54
1234202,61,60,52
1234203,62,56,67
1234204,63,57,61
1234205,61,61,64
1234206,59,59,68
1234207,64,65,57
1234208,57,64,56
1234209,59,60,53
1234210,55,58,67
1234211,61,59,57
1234212,63,56,58
1234213,60,60,59
1234214,55,57,53
1234215,62,63,55
1234216,59,50,60
1234217,55,61,59
1234218,58,66,59
1234219,58,57,61
1234220,62,58,53
1234221,57,60,47
1234222,63,67,57
1234223,64,59,65
1234224,63,60,56
1234225,59,67,63
1234226,61,61,59
1234227,57,63,69
1234228,59,61,57
1234229,60,55,60
1234230,54,58,64
1234231,63,63,64
1234232,60,58,70
1234233,64,54,59
1234234,59,61,56
1234235,60,52,59
1234236,60,56,72
1234237,58,55,63
1234238,61,54,62
1234239,62,55,59
1234240,57,54,63
1234241,59,58,57
1234242,57,58,56
1234243,60,59,57
1234244,57,59,57
1234245,61,62,55
1234246,58,60,60
1234247,59,58,59
1234248,60,57,60
1234249,59,62,53
1234250,59,57,58
1234251,61,58,57
1234252,60,69,60
1234253,61,58,61
1234254,64,59,54
1234255,59,64,66
1234256,57,58,61
1234257,56,66,55
1234258,60,56,55
1234259,60,55,59
1234260,60,54,59
1234261,60,61,55
1234262,57,57,56
1234263,64,58,58
1234264,60,65,53
1234265,61,53,53
1234266,65,58,57
1234267,58,66,62
1234268,58,62,62
1234269,60,53,63
1234270,56,64,54
1234271,60,59,67
1234272,61,61,57
1234273,60,61,57
1234274,63,56,50
1234275,62,51,63
1234276,59,46,64
1234277,53,57,51
1234278,60,64,57
1234279,62,69,58
1234280,56,58,55
1234281,60,58,58
1234282,60,65,64
1234283,60,59,68
1234284,58,62,59
1234285,62,54,53
1234286,63,67,67
1234287,60,64,61
1234288,59,53,59
1234289,65,57,67
1234290,62,56,63
1234291,59,58,60
1234292,56,56,59
1234293,63,59,59
1234294,58,57,51
1234295,57,60,61
1234296,61,65,50
1234297,58,63,58
1234298,61,61,67
1234299,57,58,66
1234300,56,58,53
1234301,63,59,56
1234302,57,60,67
1234303,61,59,59
1234304,63,60,62
1234305,56,63,68
1234306,59,59,55
1234307,57,66,61
1234308,58,65,60
1234309,60,54,58
1234310,63,55,65
1234311,62,59,55
1234312,60,56,61
1234313,54,58,59
1234314,63,67,67
1234315,60,64,53
1234316,55,55,60
1234317,64,63,62
1234318,57,58,57
1234319,60,68,62
1234320,54,64,61
1234321,61,58,50
1234322,61,62,58
1234323,62,61,59
1234324,58,66,60
1234325,65,57,44
1234326,57,59,59
1234327,56,58,61
1234328,58,59,57
1234329,59,58,59
1234330,59,59,61
1234331,61,58,44
1234332,58,59,64
1234333,62,60,58
1234334,59,57,50
1234335,61,60,65
1234336,60,64,58
1234337,62,57,61
1234338,58,60,61
1234339,53,69,66
1234340,58,63,53
1234341,60,62,65
1234342,60,64,57
1234343,59,66,61
1234344,66,58,63
1234345,56,52,64
1234346,64,61,64
1234347,57,55,59
1234348,57,59,66
1234349,61,53,56
1234350,59,65,56
1234351,59,62,66
1234352,60,58,59
1234353,64,61,57
1234354,63,61,64
1234355,57,61,55
1234356,59,59,66
1234357,59,57,64
1234358,61,62,62
1234359,58,55,60
1234360,59,58,61
1234361,60,63,65
1234362,60,55,60
1234363,58,59,55
1234364,62,57,51
1234365,52,65,60
1234366,59,59,60
1234367,61,60,64
1234368,59,61,60
1234369,64,63,57
1234370,58,59,58
1234371,66,59,66
1234372,56,53,53
1234373,57,63,60
1234374,59,59,59
1234375,66,59,56
1234376,56,60,54
1234377,61,64,63
1234378,56,59,46
1234379,64,57,53
1234380,64,55,59
1234381,57,58,68
1234382,58,56,56
1234383,58,54,66
1234384,59,57,66
1234385,59,67,57
1234386,61,55,68
1234387,59,61,58
1234388,59,64,49
1234389,61,56,65
1234390,62,68,63
1234391,57,60,58
1234392,64,60,61
1234393,59,59,59
1234394,58,59,63
1234395,58,64,60
1234396,59,58,59
1234397,59,58,56
1234398,61,55,62
1234399,58,57,61
1234400,63,62,58
1234401,60,56,53
1234402,57,60,65
1234403,63,60,67
1234404,59,63,60
1234405,59,56,54
1234406,60,55,64
1234407,58,61,59
1234408,64,61,63
1234409,63,64,61
1234410,56,65,57
1234411,62,57,65
1234412,54,62,66
1234413,62,60,64
1234414,61,56,69
1234415,62,59,60
1234416,61,64,62
1234417,57,59,62
1234418,60,59,55
1234419,56,66,59
1234420,57,60,63
1234421,57,61,68
1234422,63,65,65
1234423,61,56,68
1234424,61,62,69
1234425,60,54,72
1234426,60,62,55
1234427,63,57,56
1234428,61,62,54
1234429,59,55,58
1234430,54,61,58
1234431,61,58,58
1234432,67,64,48
1234433,60,62,56
1234434,61,62,57
1234435,63,60,56
1234436,58,65,64
1234437,62,61,56
1234438,50,58,56
1234439,68,56,64
1234440,61,63,56
1234441,59,61,63
1234442,57,56,64
1234443,58,56,66
1234444,59,61,60
1234445,63,61,55
1234446,64,64,57
1234447,58,54,61
1234448,61,61,63
1234449,57,63,63
1234450,62,59,56
1234451,55,61,61
1234452,62,58,65
1234453,60,59,63
1234454,61,59,63
1234455,58,60,53
1234456,60,60,67
1234457,59,63,62
1234458,65,55,63
1234459,67,53,56
1234460,62,58,64
1234461,59,56,62
1234462,66,57,54
1234463,54,65,65
1234464,64,57,60
1234465,57,64,63
1234466,61,61,63
1234467,61,55,55
1234468,58,64,59
1234469,59,60,63
1234470,64,70,58
1234471,60,54,62
1234472,60,58,66
1234473,62,67,59
1234474,62,59,59
1234475,61,59,63
1234476,60,58,59
1234477,56,56,66
1234478,63,64,59
1234479,62,61,58
1234480,55,60,57
1234481,53,52,55
1234482,55,63,54
1234483,58,58,65
1234484,56,57,53
1234485,59,71,59
1234486,62,57,63
1234487,56,68,53
1234488,62,58,65
1234489,62,64,64
1234490,57,60,67
1234491,61,59,65
1234492,59,61,60
1234493,57,61,70
1234494,57,58,64
1234495,59,55,62
1234496,57,63,67
1234497,54,58,53
1234498,59,62,58
1234499,60,58,54
1234500,59,66,53
1234501,62,58,66
1234502,61,60,60
1234503,63,62,59
1234504,60,60,66
1234505,66,58,61
1234506,58,64,58
1234507,59,58,56
1234508,59,58,60
1234509,57,60,55
1234510,53,51,55
1234511,64,64,63
1234512,63,57,51
1234513,60,56,57
1234514,58,68,54
1234515,62,58,59
1234516,60,59,45
1234517,55,64,58
1234518,54,58,70
1234519,60,68,59
1234520,59,65,63
1234521,61,62,53
1234522,58,53,54
1234523,56,55,57
1234524,63,65,58
1234525,55,59,60
1234526,62,60,56
1234527,58,58,64
1234528,59,60,60
1234529,64,61,63
1234530,61,64,54
1234531,66,56,67
1234532,64,60,56
1234533,59,59,50
1234534,62,72,57
1234535,58,57,58
1234536,57,54,56
1234537,51,66,64
1234538,59,58,59
1234539,59,66,66
1234540,60,62,56
1234541,61,58,63
1234542,57,60,59
1234543,63,63,49
1234544,60,66,70
1234545,57,55,60
1234546,63,61,54
1234547,56,63,45
1234548,58,57,59
1234549,62,60,60
1234550,54,54,61
1234551,58,62,61
1234552,61,57,53
1234553,61,58,60
1234554,57,60,53
1234555,57,60,55
1234556,56,63,63
1234557,59,65,57
1234558,60,58,52
1234559,64,56,61
1234560,60,58,65
1234561,56,67,65
1234562,57,57,53
1234563,59,55,56
1234564,59,65,69
1234565,66,52,63
1234566,60,62,68
1234567,57,52,62
1234568,58,59,57
1234569,60,64,60
1234570,65,63,70
1234571,62,58,60
1234572,66,59,57
1234573,62,62,62
1234574,58,55,59
1234575,58,60,53
1234576,63,67,62
1234577,64,55,62
1234578,60,58,63
1234579,61,58,56
1234580,61,60,71
1234581,55,58,64
1234582,62,51,63
1234583,62,56,57
1234584,63,55,47
1234585,59,62,55
1234586,62,60,63
1234587,57,62,66
1234588,55,58,72
1234589,55,61,62
1234590,62,63,67
1234591,55,59,55
1234592,60,67,59
1234593,64,62,61
1234594,61,58,60
1234595,61,58,54
1234596,65,60,52
1234597,63,60,63
1234598,61,59,56
1234599,66,58,52
1234600,63,58,55
1234601,55,60,61
1234602,53,60,64
1234603,62,62,52
1234604,64,57,62
1234605,57,58,60
1234606,65,58,65
1234607,65,62,61
1234608,61,64,59
1234609,57,62,57
1234610,61,55,58
1234611,63,60,53
1234612,64,55,58
1234613,63,60,68
1234614,57,61,62
1234615,61,58,62
1234616,60,60,59
1234617,62,58,59
1234618,58,55,59
1234619,59,61,64
1234620,60,62,61
1234621,56,65,66
1234622,59,59,53
1234623,54,55,60
1234624,60,53,63
1234625,61,55,59
1234626,59,59,73
1234627,58,55,61
1234628,60,63,64
1234629,63,55,56
1234630,60,62,55
1234631,63,53,60
1234632,59,52,61
1234633,62,54,60
1234634,58,52,55
1234635,59,66,63
1234636,62,54,64
1234637,63,68,58
1234638,62,61,68
1234639,61,57,52
1234640,57,55,54
1234641,59,53,66
1234642,62,60,59
1234643,62,67,49
1234644,59,57,68
1234645,59,64,52
1234646,56,65,59
1234647,59,55,64
1234648,59,59,55
1234649,57,59,67
1234650,58,58,58
1234651,57,55,63
1234652,61,57,58
1234653,63,62,54
1234654,59,61,57
1234655,59,60,52
1234656,65,62,52
1234657,60,64,58
1234658,55,54,53
1234659,63,60,57
1234660,62,60,62
1234661,57,66,55
1234662,64,53,57
1234663,62,60,61
1234664,56,58,64
1234665,60,58,61
1234666,62,62,61
1234667,62,56,62
1234668,56,59,68
1234669,60,54,56
1234670,64,62,59
1234671,60,57,58
1234672,57,60,55
1234673,60,50,54
1234674,60,60,49
1234675,55,60,53
1234676,62,54,63
1234677,57,61,58
1234678,56,62,61
1234679,59,52,59
1234680,56,55,53
1234681,59,64,60
1234682,54,63,57
1234683,64,64,61
1234684,60,54,66
1234685,59,59,59
1234686,63,58,55
1234687,65,63,58
1234688,62,58,62
1234689,60,49,51
1234690,59,57,58
1234691,58,53,64
1234692,64,57,58
1234693,61,53,58
1234694,56,61,57
1234695,58,49,56
1234696,61,63,68
1234697,60,64,73
1234698,63,59,57
1234699,58,57,60
1234700,61,63,65
1234701,55,60,55
1234702,58,58,57
1234703,65,70,54
1234704,62,64,57
1234705,59,64,64
1234706,64,60,50
1234707,61,53,63
1234708,58,62,59
1234709,59,63,65
1234710,56,58,63
1234711,65,57,56
1234712,58,62,62
1234713,58,59,54
1234714,60,63,57
1234715,60,61,69
1234716,60,62,63
1234717,64,58,56
1234718,56,61,63
1234719,60,53,51
1234720,57,57,48
1234721,65,56,61
1234722,50,61,55
1234723,54,64,54
1234724,54,63,60
1234725,55,65,54
1234726,60,63,59
1234727,60,53,66
1234728,57,62,58
1234729,55,62,54
1234730,63,58,65
1234731,59,67,50
1234732,66,61,62
1234733,59,57,50
1234734,61,58,66
1234735,55,53,64
1234736,57,59,64
1234737,56,62,54
1234738,58,52,64
1234739,59,56,67
1234740,52,55,56
1234741,60,64,56
1234742,61,54,58
1234743,62,50,53
1234744,55,65,60
1234745,63,57,62
1234746,61,60,51
1234747,60,58,58
1234748,60,60,52
1234749,63,61,55
1234750,61,64,55
1234751,55,65,62
1234752,62,60,59
1234753,52,58,65
1234754,60,66,66
1234755,61,65,67
1234756,58,58,63
1234757,63,61,53
1234758,59,57,61
1234759,59,63,57
1234760,62,61,57
1234761,56,52,58
1234762,62,58,64
1234763,56,59,62
1234764,60,58,56
1234765,61,64,59
1234766,62,58,57
1234767,61,54,56
1234768,62,62,58
1234769,61,58,72
1234770,63,57,60
1234771,60,55,64
1234772,51,55,58
1234773,63,55,56
1234774,56,62,51
1234775,58,61,62
1234776,57,56,60
1234777,58,59,68
1234778,64,54,57
1234779,61,60,61
1234780,60,64,58
1234781,60,68,58
1234782,60,56,59
1234783,64,62,60
1234784,63,56,53
1234785,61,62,59
1234786,61,53,62
1234787,64,52,56
1234788,65,64,62
1234789,58,63,65
1234790,59,59,64
1234791,60,76,60
1234792,58,60,57
1234793,63,65,63
1234794,65,67,63
1234795,60,62,61
1234796,62,52,59
1234797,60,62,56
1234798,62,66,59
1234799,59,68,61
1234800,57,67,58
1234801,61,54,56
1234802,61,64,58
1234803,58,67,68
1234804,60,59,55
1234805,55,60,59
1234806,59,64,53
1234807,56,58,56
1234808,63,58,64
1234809,59,55,57
1234810,60,58,64
1234811,61,63,61
1234812,57,51,53
1234813,58,59,61
1234814,63,66,66
1234815,59,61,64
1234816,57,63,61
1234817,59,59,68
1234818,64,61,59
1234819,58,56,67
1234820,58,52,66
1234821,64,59,66
1234822,68,61,57
1234823,54,54,63
1234824,60,62,62
1234825,61,61,56
1234826,61,64,66
1234827,58,56,50
1234828,61,56,58
1234829,61,56,56
1234830,61,52,50
1234831,59,52,57
1234832,58,59,59
1234833,53,60,53
1234834,59,60,45
1234835,56,51,53
1234836,62,57,62
1234837,59,60,66
1234838,61,62,55
1234839,59,62,60
1234840,67,57,55
1234841,59,68,63
1234842,60,59,56
1234843,59,59,61
1234844,58,60,59
1234845,59,62,63
1234846,57,58,70
1234847,60,61,61
1234848,68,61,69
1234849,60,62,57
1234850,59,58,63
1234851,56,54,63
1234852,60,54,58
1234853,59,61,63
1234854,58,60,55
1234855,58,59,60
1234856,60,53,64
1234857,62,63,60
1234858,63,57,57
1234859,62,65,57
1234860,56,59,61
1234861,57,71,70
1234862,58,56,63
1234863,56,54,64
1234864,62,57,62
1234865,57,56,63
1234866,58,54,58
1234867,61,55,64
1234868,59,60,57
1234869,59,65,51
1234870,56,61,59
1234871,57,58,75
1234872,64,53,56
1234873,55,59,59
1234874,64,63,56
1234875,56,59,59
1234876,56,56,50
1234877,59,53,59
1234878,64,56,60
1234879,61,55,58
1234880,54,57,66
1234881,60,57,56
1234882,60,65,63
1234883,62,46,58
1234884,58,60,55
1234885,60,60,57
1234886,62,56,61
1234887,62,63,62
1234888,61,54,73
1234889,59,58,66
1234890,60,65,60
1234891,58,64,54
1234892,57,60,58
1234893,59,60,59
1234894,59,51,54
1234895,64,59,68
1234896,60,62,59
1234897,63,60,59
1234898,61,57,60
1234899,55,55,60
1234900,58,53,70
1234901,59,60,48
1234902,60,53,57
1234903,63,56,55
1234904,57,60,57
1234905,65,58,56
1234906,60,64,53
1234907,60,65,56
1234908,62,59,59
1234909,57,58,66
1234910,62,61,65
1234911,58,59,60
1234912,58,64,65
1234913,60,62,65
1234914,61,61,60
1234915,62,55,69
1234916,62,62,62
1234917,61,61,60
1234918,61,61,54
1234919,57,55,64
1234920,56,57,63
1234921,55,61,63
1234922,57,55,51
1234923,58,61,61
1234924,59,63,53
1234925,60,52,64
1234926,62,64,59
1234927,56,60,57
1234928,61,62,62
1234929,52,56,65
1234930,53,65,57
1234931,59,54,56
1234932,58,61,45
1234933,61,55,62
1234934,54,57,64
1234935,55,62,58
1234936,59,61,61
1234937,58,61,53
1234938,58,55,54
1234939,65,58,59
1234940,61,60,52
1234941,59,63,57
1234942,57,59,63
1234943,63,60,54
1234944,61,56,61
1234945,61,60,57
1234946,61,60,59
1234947,61,53,71
1234948,55,61,53
1234949,60,57,54
1234950,60,63,52
1234951,56,63,57
1234952,57,57,62
1234953,57,57,67
1234954,59,60,56
1234955,64,60,69
1234956,56,59,57
1234957,60,61,46
1234958,58,51,55
1234959,56,58,66
1234960,59,59,52
1234961,59,56,55
1234962,65,61,54
1234963,58,50,65
1234964,62,52,55
1234965,58,53,63
1234966,59,58,64
1234967,63,61,52
1234968,56,54,56
1234969,64,58,59
1234970,57,56,60
1234971,52,53,69
1234972,63,58,58
1234973,62,65,65
1234974,62,57,61
1234975,59,57,59
1234976,56,58,56
1234977,59,54,59
1234978,58,56,57
1234979,57,57,63
1234980,65,63,58
1234981,56,60,67
1234982,56,58,69
1234983,60,59,56
1234984,61,57,57
1234985,61,64,53
1234986,55,61,64
1234987,56,60,58
1234988,63,64,50
1234989,58,61,57
1234990,65,59,60
1234991,57,55,61
1234992,59,55,63
1234993,60,62,47
1234994,59,51,56
1234995,63,56,64
1234996,61,56,60
1234997,54,65,66
1234998,63,58,59
1234999,62,57,65
