1231000,61,60,56
1231001,58,57,57
1231002,60,57,56
1231003,57,64,56
1231004,59,55,63
1231005,59,57,60
1231006,58,58,60
1231007,54,59,56
1231008,59,61,54
1231009,61,60,54
1231010,59,60,56
1231011,57,56,58
1231012,62,65,57
1231013,59,63,64
1231014,60,60,71
1231015,56,63,49
1231016,64,56,58
1231017,60,61,65
1231018,61,57,66
1231019,63,58,57
1231020,62,64,59
1231021,56,55,58
1231022,60,61,63
1231023,54,62,53
1231024,58,52,64
1231025,59,58,58
1231026,60,65,64
1231027,57,66,67
1231028,63,57,71
1231029,57,57,56
1231030,58,64,55
1231031,61,64,62
1231032,58,55,60
1231033,62,61,57
1231034,58,54,67
1231035,56,64,63
1231036,56,67,64
1231037,57,64,53
1231038,53,67,52
1231039,56,57,61
1231040,58,56,60
1231041,60,58,58
1231042,58,58,61
1231043,61,63,65
1231044,59,67,60
1231045,61,57,58
1231046,60,55,55
1231047,61,68,65
1231048,61,64,60
1231049,58,63,48
1231050,60,63,67
1231051,60,67,53
1231052,57,48,51
1231053,63,61,65
1231054,66,58,58
1231055,60,62,54
1231056,58,59,58
1231057,60,68,55
1231058,54,59,62
1231059,58,55,54
1231060,59,64,69
1231061,57,61,57
1231062,56,57,57
1231063,57,56,59
1231064,63,56,64
1231065,54,56,69
1231066,58,58,61
1231067,57,66,62
1231068,57,63,62
1231069,62,62,53
1231070,56,62,60
1231071,59,61,49
1231072,63,53,61
1231073,56,60,62
1231074,56,61,56
1231075,61,63,55
1231076,61,62,58
1231077,59,58,51
1231078,57,59,56
1231079,63,62,54
1231080,60,58,59
1231081,61,55,68
1231082,59,55,60
1231083,61,60,54
1231084,63,53,62
1231085,59,59,65
1231086,60,60,63
1231087,59,67,70
1231088,65,61,65
1231089,63,61,62
1231090,61,63,58
1231091,59,66,50
1231092,64,59,70
1231093,61,61,52
1231094,51,55,57
1231095,62,61,60
1231096,60,66,62
1231097,60,68,61
1231098,56,58,55
1231099,62,61,58
1231100,65,57,54
1231101,63,60,54
1231102,62,61,58
1231103,59,55,62
1231104,58,60,63
1231105,59,67,68
1231106,64,66,54
1231107,61,65,62
1231108,55,60,60
1231109,58,55,55
1231110,63,62,56
1231111,57,53,58
1231112,52,62,63
1231113,58,57,62
1231114,61,61,63
1231115,58,63,65
1231116,59,58,63
1231117,58,53,66
1231118,62,58,59
1231119,61,61,59
1231120,61,58,56
1231121,54,65,63
1231122,59,59,59
1231123,59,60,61
1231124,62,60,57
1231125,58,68,50
1231126,56,59,63
1231127,56,60,57
1231128,50,63,64
1231129,60,52,54
1231130,56,65,56
1231131,58,61,55
1231132,56,60,71
1231133,62,64,61
1231134,58,60,56
1231135,61,55,57
1231136,63,64,62
1231137,61,64,66
1231138,59,63,55
1231139,61,67,56
1231140,63,60,61
1231141,58,56,59
1231142,58,66,62
1231143,63,53,57
1231144,59,57,58
1231145,62,61,58
1231146,58,56,58
1231147,57,56,59
1231148,57,57,63
1231149,61,59,53
1231150,56,55,56
1231151,58,53,53
1231152,60,53,57
1231153,63,59,61
1231154,60,58,57
1231155,62,60,63
1231156,57,54,64
1231157,59,70,64
1231158,62,59,57
1231159,62,56,62
1231160,61,60,55
1231161,61,61,58
1231162,57,56,57
1231163,59,63,58
1231164,59,70,69
1231165,62,55,59
1231166,56,52,52
1231167,57,60,56
1231168,64,59,60
1231169,62,61,65
1231170,54,53,66
1231171,63,58,58
1231172,58,61,61
1231173,54,59,55
1231174,61,60,57
1231175,61,59,66
1231176,61,58,60
1231177,66,60,64
1231178,61,58,56
1231179,55,50,53
1231180,59,61,58
1231181,58,59,67
1231182,61,57,60
1231183,60,54,63
1231184,60,59,65
1231185,55,58,64
1231186,56,54,62
1231187,58,62,58
1231188,60,67,65
1231189,61,56,59
1231190,59,59,65
1231191,61,61,61
1231192,58,60,57
1231193,64,55,59
1231194,59,60,59
1231195,57,62,59
1231196,65,52,57
1231197,58,63,62
1231198,67,66,51
1231199,60,68,57
1231200,60,57,57
1231201,60,61,55
1231202,58,57,59
1231203,50,57,60
1231204,57,51,62
1231205,57,67,63
1231206,59,63,58
1231207,57,57,58
1231208,58,65,63
1231209,58,60,57
1231210,55,57,62
1231211,54,69,60
1231212,55,57,59
1231213,60,57,61
1231214,58,68,59
1231215,59,56,60
1231216,56,62,70
1231217,65,54,56
1231218,62,60,59
1231219,59,66,58
1231220,61,60,61
1231221,65,65,68
1231222,58,65,61
1231223,58,54,54
1231224,63,62,60
1231225,57,58,64
1231226,59,58,54
1231227,67,60,66
1231228,63,64,58
1231229,63,67,57
1231230,56,59,56
1231231,58,59,63
1231232,61,62,54
1231233,56,60,59
1231234,61,63,59
1231235,62,55,59
1231236,58,63,62
1231237,60,62,59
1231238,60,61,59
1231239,61,61,57
1231240,58,59,60
1231241,61,63,60
1231242,63,65,57
1231243,62,63,57
1231244,56,63,53
1231245,60,55,65
1231246,57,55,55
1231247,59,65,57
1231248,54,62,48
1231249,55,66,58
1231250,61,59,60
1231251,58,57,53
1231252,64,60,67
1231253,55,55,63
1231254,60,53,58
1231255,58,62,59
1231256,62,58,59
1231257,61,48,60
1231258,60,61,56
1231259,65,60,62
1231260,61,58,60
1231261,52,57,62
1231262,57,59,58
1231263,56,54,61
1231264,59,63,68
1231265,64,62,55
1231266,60,57,51
1231267,63,62,67
1231268,60,61,53
1231269,56,60,63
1231270,56,61,62
1231271,59,54,56
1231272,62,54,53
1231273,58,62,58
1231274,54,61,60
1231275,53,63,76
1231276,61,62,62
1231277,56,59,55
1231278,52,58,54
1231279,63,56,61
1231280,60,64,57
1231281,62,61,63
1231282,62,63,59
1231283,63,56,55
1231284,58,61,55
1231285,54,61,62
1231286,57,61,66
1231287,58,60,63
1231288,59,59,58
1231289,61,63,68
1231290,57,59,59
1231291,61,64,61
1231292,58,63,67
1231293,56,57,64
1231294,60,65,64
1231295,63,66,54
1231296,59,58,62
1231297,62,57,61
1231298,54,59,59
1231299,60,56,56
1231300,64,68,60
1231301,59,55,57
1231302,58,58,56
1231303,62,58,70
1231304,59,59,50
1231305,62,53,65
1231306,61,55,64
1231307,60,58,48
1231308,65,53,45
1231309,62,55,53
1231310,56,59,58
1231311,56,64,69
1231312,61,65,61
1231313,61,55,60
1231314,60,50,61
1231315,61,63,57
1231316,57,57,61
1231317,59,53,63
1231318,60,61,62
1231319,64,53,63
1231320,59,57,50
1231321,60,47,65
1231322,63,53,60
1231323,62,56,71
1231324,57,64,63
1231325,61,65,66
1231326,59,57,55
1231327,63,72,61
1231328,59,63,60
1231329,59,63,48
1231330,56,57,68
1231331,64,66,60
1231332,58,55,58
1231333,58,61,57
1231334,60,60,67
1231335,65,68,66
1231336,61,56,58
1231337,55,60,49
1231338,59,59,57
1231339,65,58,58
1231340,62,52,69
1231341,56,60,54
1231342,61,62,60
1231343,53,58,62
1231344,56,56,60
1231345,64,55,54
1231346,55,56,62
1231347,62,58,67
1231348,59,60,59
1231349,58,54,67
1231350,62,56,68
1231351,59,61,63
1231352,61,68,55
1231353,56,60,64
1231354,57,60,64
1231355,63,59,49
1231356,61,59,56
1231357,62,54,57
1231358,58,61,69
1231359,57,58,62
1231360,62,64,62
1231361,57,59,61
1231362,58,66,45
1231363,55,62,61
1231364,63,61,59
1231365,58,62,57
1231366,59,62,60
1231367,57,59,57
1231368,68,59,61
1231369,61,55,50
1231370,61,55,62
1231371,60,63,55
1231372,60,61,59
1231373,60,62,56
1231374,54,56,62
1231375,60,61,61
1231376,63,59,61
1231377,60,61,62
1231378,62,60,53
1231379,56,58,64
1231380,59,57,60
1231381,60,54,52
1231382,60,57,57
1231383,58,54,66
1231384,54,56,64
1231385,58,54,57
1231386,59,60,63
1231387,67,54,60
1231388,56,60,67
1231389,62,59,58
1231390,61,65,64
1231391,56,62,59
1231392,54,60,67
1231393,65,61,60
1231394,65,54,51
1231395,59,59,58
1231396,59,58,52
1231397,63,63,50
1231398,65,61,56
1231399,60,63,48
1231400,58,60,63
1231401,60,60,67
1231402,60,63,63
1231403,59,59,65
1231404,57,56,61
1231405,59,62,56
1231406,58,64,70
1231407,55,60,54
1231408,61,64,64
1231409,60,62,57
1231410,60,62,61
1231411,57,53,67
1231412,60,61,64
1231413,58,55,59
1231414,61,54,61
1231415,60,54,60
1231416,57,57,62
1231417,65,65,63
1231418,58,63,62
1231419,57,50,72
1231420,62,62,61
1231421,61,61,63
1231422,65,64,61
1231423,62,57,62
1231424,59,61,55
1231425,58,56,51
1231426,58,63,54
1231427,57,61,58
1231428,59,54,63
1231429,64,60,63
1231430,56,54,58
1231431,59,52,61
1231432,62,57,60
1231433,61,64,59
1231434,54,60,63
1231435,64,62,59
1231436,61,64,56
1231437,60,63,52
1231438,54,59,49
1231439,60,67,58
1231440,61,53,61
1231441,58,57,60
1231442,55,58,57
1231443,60,60,57
1231444,59,59,62
1231445,61,60,54
1231446,63,62,60
1231447,56,62,58
1231448,54,57,59
1231449,59,56,63
1231450,62,58,62
1231451,59,60,58
1231452,62,62,61
1231453,61,61,54
1231454,57,52,57
1231455,54,57,49
1231456,59,58,65
1231457,51,61,64
1231458,61,53,66
1231459,61,64,61
1231460,59,64,67
1231461,60,58,57
1231462,63,69,53
1231463,61,60,50
1231464,60,52,62
1231465,58,58,70
1231466,60,54,66
1231467,60,63,56
1231468,60,60,48
1231469,61,67,57
1231470,61,62,67
1231471,63,58,62
1231472,61,62,56
1231473,57,54,60
1231474,61,55,67
1231475,58,53,66
1231476,64,65,61
1231477,58,58,56
1231478,58,52,68
1231479,58,59,55
1231480,61,59,54
1231481,58,61,56
1231482,61,62,63
1231483,59,73,53
1231484,63,53,54
1231485,64,64,61
1231486,67,60,53
1231487,59,52,52
1231488,61,57,56
1231489,55,55,52
1231490,58,60,52
1231491,60,56,66
1231492,62,63,54
1231493,58,54,64
1231494,58,60,69
1231495,59,60,58
1231496,57,53,59
1231497,60,59,58
1231498,58,58,62
1231499,59,54,62
1231500,63,64,53
1231501,62,58,54
1231502,62,65,56
1231503,56,57,62
1231504,58,60,57
1231505,63,54,54
1231506,58,60,65
1231507,64,56,51
1231508,63,62,56
1231509,63,59,60
1231510,58,62,61
1231511,60,58,66
1231512,58,63,55
1231513,57,64,57
1231514,62,56,68
1231515,64,61,59
1231516,57,52,65
1231517,64,58,59
1231518,56,60,64
1231519,56,60,66
1231520,52,61,73
1231521,55,60,59
1231522,57,62,61
1231523,56,59,60
1231524,64,56,56
1231525,61,58,59
1231526,56,58,57
1231527,58,61,60
1231528,57,64,63
1231529,63,64,63
1231530,57,60,63
1231531,59,59,55
1231532,62,53,57
1231533,58,59,51
1231534,58,59,65
1231535,62,59,53
1231536,60,58,57
1231537,60,56,56
1231538,62,60,69
1231539,61,65,61
1231540,57,68,60
1231541,58,61,59
1231542,57,63,65
1231543,62,67,69
1231544,57,57,58
1231545,54,59,59
1231546,59,59,64
1231547,56,56,55
1231548,55,62,66
1231549,60,59,58
1231550,61,54,55
1231551,58,54,57
1231552,58,61,63
1231553,62,59,65
1231554,56,58,60
1231555,59,59,51
1231556,61,58,70
1231557,58,59,50
1231558,60,58,56
1231559,60,60,58
1231560,57,58,57
1231561,64,60,55
1231562,56,60,53
1231563,60,61,58
1231564,58,63,62
1231565,61,50,51
1231566,64,58,60
1231567,68,61,68
1231568,60,56,60
1231569,56,65,56
1231570,61,65,57
1231571,61,53,64
1231572,63,58,54
1231573,60,56,53
1231574,58,56,59
1231575,57,59,56
1231576,53,57,69
1231577,56,62,60
1231578,57,62,68
1231579,62,62,59
1231580,60,65,59
1231581,58,65,67
1231582,60,64,60
1231583,54,61,65
1231584,62,58,63
1231585,58,59,59
1231586,63,56,52
1231587,60,63,56
1231588,53,55,59
1231589,58,56,54
1231590,63,65,59
1231591,60,57,56
1231592,58,57,64
1231593,58,62,63
1231594,59,55,47
1231595,65,60,57
1231596,60,66,56
1231597,61,59,70
1231598,56,56,65
1231599,59,63,61
1231600,59,50,68
1231601,58,56,66
1231602,59,55,55
1231603,66,56,61
1231604,60,57,62
1231605,61,53,58
1231606,59,60,65
1231607,60,56,64
1231608,59,64,59
1231609,63,62,74
1231610,62,57,54
1231611,60,57,64
1231612,63,62,58
1231613,55,58,59
1231614,56,59,54
1231615,60,55,61
1231616,62,59,61
1231617,59,60,54
1231618,63,60,64
1231619,61,64,66
1231620,60,60,64
1231621,61,63,53
1231622,64,60,57
1231623,63,62,53
1231624,64,58,57
1231625,57,59,63
1231626,59,59,65
1231627,63,62,57
1231628,61,62,48
1231629,62,61,63
1231630,59,59,66
1231631,50,63,65
1231632,63,62,59
1231633,60,62,61
1231634,65,57,61
1231635,59,61,61
1231636,62,54,52
1231637,62,57,51
1231638,66,62,59
1231639,57,53,70
1231640,61,60,55
1231641,55,61,64
1231642,63,56,51
1231643,64,61,55
1231644,67,61,51
1231645,69,56,59
1231646,55,58,54
1231647,57,64,57
1231648,56,60,60
1231649,59,63,60
1231650,62,62,62
1231651,61,61,51
1231652,63,65,63
1231653,58,57,59
1231654,59,59,53
1231655,56,57,60
1231656,60,62,66
1231657,57,62,56
1231658,64,55,55
1231659,59,62,63
1231660,54,51,59
1231661,59,56,69
1231662,57,60,58
1231663,60,62,59
1231664,55,62,57
1231665,58,59,66
1231666,64,61,59
1231667,59,62,61
1231668,61,58,57
1231669,59,63,56
1231670,59,71,49
1231671,60,68,74
1231672,64,57,55
1231673,60,69,58
1231674,64,65,61
1231675,58,63,59
1231676,61,57,62
1231677,55,59,63
1231678,60,58,54
1231679,61,63,49
1231680,57,54,57
1231681,51,59,57
1231682,59,59,63
1231683,60,59,58
1231684,59,60,65
1231685,59,53,60
1231686,63,59,62
1231687,64,69,56
1231688,53,53,59
1231689,59,59,63
1231690,60,57,63
1231691,60,57,56
1231692,57,61,69
1231693,56,60,63
1231694,56,52,63
1231695,57,55,55
1231696,59,68,55
1231697,60,68,60
1231698,59,54,66
1231699,65,61,54
1231700,58,60,63
1231701,55,57,59
1231702,64,60,60
1231703,56,60,56
1231704,56,63,53
1231705,61,54,59
1231706,53,62,64
1231707,56,57,61
1231708,56,59,65
1231709,57,52,61
1231710,64,60,62
1231711,58,66,59
1231712,60,68,57
1231713,59,58,50
1231714,57,54,56
1231715,56,60,63
1231716,59,60,58
1231717,63,59,64
1231718,65,59,59
1231719,56,56,58
1231720,69,53,63
1231721,61,66,62
1231722,62,55,58
1231723,54,57,60
1231724,61,64,67
1231725,61,62,56
1231726,60,60,55
1231727,58,59,55
1231728,60,66,58
1231729,59,59,63
1231730,57,58,60
1231731,60,66,54
1231732,56,64,56
1231733,55,62,63
1231734,59,61,55
1231735,58,57,66
1231736,60,58,57
1231737,59,56,64
1231738,61,59,66
1231739,59,64,66
1231740,58,59,61
1231741,61,58,61
1231742,63,62,64
1231743,61,60,64
1231744,64,57,60
1231745,58,55,58
1231746,61,58,57
1231747,65,64,62
1231748,60,57,51
1231749,63,59,55
1231750,59,60,56
1231751,57,60,51
1231752,62,64,62
1231753,63,63,63
1231754,59,62,59
1231755,58,59,68
1231756,56,62,69
1231757,57,62,61
1231758,63,59,59
1231759,66,66,65
1231760,54,58,50
1231761,60,65,56
1231762,56,59,57
1231763,64,61,54
1231764,58,60,68
1231765,57,56,63
1231766,66,53,59
1231767,65,58,56
1231768,52,59,55
1231769,64,60,60
1231770,61,61,60
1231771,61,58,56
1231772,63,49,58
1231773,59,63,46
1231774,62,64,58
1231775,58,54,55
1231776,61,64,63
1231777,64,48,65
1231778,55,56,67
1231779,56,65,51
1231780,59,56,59
1231781,60,58,68
1231782,61,66,56
1231783,65,59,64
1231784,54,57,60
1231785,58,59,63
1231786,56,57,53
1231787,59,58,61
1231788,59,66,63
1231789,59,58,59
1231790,62,62,62
1231791,61,55,56
1231792,57,59,57
1231793,58,64,54
1231794,63,54,51
1231795,58,58,58
1231796,57,57,68
1231797,58,54,65
1231798,55,66,62
1231799,59,58,52
1231800,62,54,58
1231801,62,62,50
1231802,57,59,59
1231803,61,57,68
1231804,59,60,67
1231805,60,54,67
1231806,62,65,62
1231807,65,63,65
1231808,65,63,62
1231809,59,57,57
1231810,59,58,58
1231811,64,57,55
1231812,56,58,55
1231813,63,60,52
1231814,57,60,61
1231815,56,56,58
1231816,61,64,65
1231817,63,55,70
1231818,61,65,51
1231819,58,55,61
1231820,49,65,63
1231821,62,57,67
1231822,61,59,57
1231823,60,65,58
1231824,55,61,61
1231825,62,63,53
1231826,60,56,66
1231827,60,59,57
1231828,59,60,64
1231829,56,61,67
1231830,56,58,54
1231831,59,63,56
1231832,62,57,59
1231833,61,67,63
1231834,58,61,60
1231835,61,56,52
1231836,57,55,56
1231837,60,67,66
1231838,63,65,58
1231839,57,56,61
1231840,59,60,60
1231841,58,51,66
1231842,61,58,58
1231843,63,59,61
1231844,54,55,58
1231845,51,63,62
1231846,58,53,54
1231847,61,65,65
1231848,59,62,62
1231849,57,55,63
1231850,60,60,56
1231851,57,60,62
1231852,57,60,59
1231853,55,61,65
1231854,60,60,54
1231855,65,66,59
1231856,59,59,62
1231857,58,64,56
1231858,58,58,53
1231859,65,58,59
1231860,56,57,58
1231861,55,63,63
1231862,55,64,61
1231863,61,65,61
1231864,58,56,61
1231865,66,62,53
1231866,60,56,64
1231867,63,56,63
1231868,61,63,60
1231869,62,62,62
1231870,59,63,61
1231871,61,59,54
1231872,60,56,59
1231873,62,57,63
1231874,61,56,63
1231875,63,57,49
1231876,59,63,61
1231877,65,59,60
1231878,54,62,59
1231879,59,68,76
1231880,56,60,60
1231881,59,54,51
1231882,62,57,57
1231883,62,64,64
1231884,59,64,68
1231885,65,63,66
1231886,61,58,62
1231887,61,59,68
1231888,60,62,63
1231889,59,61,59
1231890,61,64,54
1231891,58,61,70
1231892,57,62,57
1231893,63,62,59
1231894,63,66,54
1231895,54,58,46
1231896,61,61,66
1231897,56,60,62
1231898,60,58,64
1231899,61,55,55
1231900,57,52,63
1231901,58,57,52
1231902,63,55,62
1231903,64,66,52
1231904,55,49,61
1231905,63,60,55
1231906,61,68,62
1231907,58,57,60
1231908,63,60,62
1231909,57,61,57
1231910,54,58,56
1231911,57,61,51
1231912,62,66,66
1231913,61,61,58
1231914,56,66,64
1231915,59,59,61
1231916,59,63,49
1231917,55,57,55
1231918,60,56,53
1231919,56,58,64
1231920,59,64,58
1231921,65,57,56
1231922,62,62,56
1231923,61,61,52
1231924,62,56,61
1231925,58,56,58
1231926,62,55,66
1231927,64,60,58
1231928,57,53,64
1231929,57,62,63
1231930,62,60,61
1231931,62,61,62
1231932,60,61,62
1231933,59,56,52
1231934,60,59,63
1231935,59,66,67
1231936,62,64,62
1231937,62,61,59
1231938,55,59,63
1231939,63,59,66
1231940,59,63,67
1231941,57,51,61
1231942,63,64,56
1231943,52,59,60
1231944,59,55,59
1231945,56,57,66
1231946,57,60,56
1231947,63,54,49
1231948,57,59,61
1231949,61,53,61
1231950,69,62,63
1231951,60,59,69
1231952,58,58,58
1231953,61,58,65
1231954,61,65,65
1231955,59,60,65
1231956,57,57,66
1231957,65,54,61
1231958,60,57,59
1231959,57,63,60
1231960,64,65,55
1231961,58,60,61
1231962,59,58,51
1231963,65,58,64
1231964,64,57,64
1231965,58,63,60
1231966,62,59,63
1231967,58,61,58
1231968,61,64,62
1231969,62,64,62
1231970,58,57,66
1231971,62,61,62
1231972,54,62,57
1231973,60,63,58
1231974,60,57,55
1231975,61,67,58
1231976,61,57,67
1231977,60,61,56
1231978,59,60,61
1231979,60,55,65
1231980,59,52,54
1231981,59,55,57
1231982,60,54,55
1231983,57,57,68
1231984,55,56,63
1231985,58,57,66
1231986,51,58,57
1231987,60,60,57
1231988,60,57,57
1231989,57,58,64
1231990,61,69,67
1231991,62,62,62
1231992,60,61,53
1231993,57,65,67
1231994,65,54,62
1231995,61,61,61
1231996,61,70,55
1231997,59,59,59
1231998,57,64,58
1231999,68,54,61
1231000,58,61,64
1231001,57,55,64
1231002,60,62,53
1231003,57,54,66
1231004,64,65,60
1231005,61,60,56
1231006,57,56,59
1231007,65,55,56
1231008,57,59,48
1231009,58,57,60
1231010,56,58,55
1231011,58,61,63
1231012,59,57,67
1231013,61,55,54
1231014,59,56,66
1231015,67,55,60
1231016,60,50,61
1231017,58,55,64
1231018,60,69,66
1231019,56,58,58
1231020,65,57,64
1231021,61,63,55
1231022,58,63,59
1231023,60,56,57
1231024,59,58,53
1231025,61,63,62
1231026,57,60,56
1231027,54,63,62
1231028,59,57,57
1231029,64,58,57
1231030,58,56,60
1231031,56,56,55
1231032,63,64,56
1231033,67,61,60
1231034,61,57,53
1231035,60,60,57
1231036,60,59,59
1231037,56,59,57
1231038,57,61,58
1231039,63,66,58
1231040,62,63,66
1231041,53,61,62
1231042,53,60,55
1231043,62,60,57
1231044,59,58,51
1231045,60,55,68
1231046,55,61,64
1231047,60,60,47
1231048,58,57,60
1231049,68,65,57
1231050,57,57,57
1231051,58,60,57
1231052,60,64,62
1231053,62,64,61
1231054,64,62,63
1231055,62,64,61
1231056,56,58,70
1231057,58,60,71
1231058,64,70,53
1231059,60,60,55
1231060,57,55,52
1231061,61,58,58
1231062,62,59,60
1231063,62,60,65
1231064,62,63,67
1231065,61,58,59
1231066,63,58,63
1231067,57,60,59
1231068,67,61,61
1231069,62,60,60
1231070,61,56,56
1231071,63,56,62
1231072,64,62,58
1231073,59,62,57
1231074,55,64,60
1231075,55,67,64
1231076,60,61,58
1231077,65,58,51
1231078,60,57,57
1231079,60,61,56
1231080,59,67,55
1231081,58,58,57
1231082,59,55,51
1231083,59,54,61
1231084,63,53,58
1231085,61,63,54
1231086,56,53,68
1231087,59,70,57
1231088,55,62,58
1231089,58,57,59
1231090,62,62,67
1231091,62,61,50
1231092,61,59,60
1231093,56,60,52
1231094,59,58,72
1231095,60,56,65
1231096,62,67,57
1231097,59,64,63
1231098,54,61,63
1231099,60,64,56
1231100,57,56,64
1231101,60,60,63
1231102,58,61,59
1231103,58,57,66
1231104,53,60,61
1231105,57,58,62
1231106,61,64,50
1231107,59,59,60
1231108,58,62,62
1231109,57,61,48
1231110,56,60,61
1231111,58,57,59
1231112,65,62,54
1231113,62,59,54
1231114,61,62,64
1231115,58,57,64
1231116,61,68,55
1231117,58,58,53
1231118,61,55,64
1231119,63,59,66
1231120,53,66,60
1231121,57,60,69
1231122,56,58,61
1231123,58,62,62
1231124,65,62,55
1231125,60,58,60
1231126,60,72,58
1231127,57,57,53
1231128,55,63,66
1231129,61,60,59
1231130,64,64,60
1231131,58,64,58
1231132,62,63,59
1231133,55,59,63
1231134,63,57,65
1231135,59,62,62
1231136,57,55,66
1231137,56,58,55
1231138,62,58,61
1231139,59,51,60
1231140,55,60,63
1231141,62,54,58
1231142,58,62,62
1231143,58,59,61
1231144,59,61,61
1231145,59,60,54
1231146,65,61,58
1231147,51,61,63
1231148,61,57,56
1231149,57,52,61
1231150,55,55,57
1231151,62,50,67
1231152,60,61,62
1231153,59,65,53
1231154,64,55,71
1231155,60,64,66
1231156,60,59,52
1231157,57,64,59
1231158,57,59,56
1231159,61,64,62
1231160,62,66,61
1231161,61,62,61
1231162,58,60,65
1231163,66,60,64
1231164,61,64,62
1231165,64,67,65
1231166,58,59,63
1231167,58,63,58
1231168,57,61,67
1231169,59,61,57
1231170,59,62,54
1231171,60,64,58
1231172,61,57,53
1231173,63,56,60
1231174,60,62,57
1231175,56,63,62
1231176,62,64,65
1231177,62,59,54
1231178,61,63,54
1231179,61,67,61
1231180,59,54,67
1231181,59,60,61
1231182,59,54,56
1231183,60,61,66
1231184,55,62,58
1231185,57,55,65
1231186,57,59,55
1231187,64,59,64
1231188,63,53,59
1231189,58,52,59
1231190,61,61,62
1231191,55,54,58
1231192,67,59,59
1231193,63,59,57
1231194,62,58,67
1231195,56,55,58
1231196,60,61,55
1231197,62,63,56
1231198,62,62,62
1231199,54,62,61
1231200,63,60,54
1231201,59,65,61
1231202,55,59,62
1231203,59,60,69
1231204,61,57,56
1231205,57,62,58
1231206,61,59,58
1231207,57,61,54
1231208,62,60,59
1231209,60,58,65
1231210,67,62,53
1231211,60,63,65
1231212,58,62,60
1231213,61,60,62
1231214,63,63,60
1231215,61,60,59
1231216,63,54,55
1231217,58,60,62
1231218,52,57,59
1231219,64,54,60
1231220,62,62,57
1231221,59,57,63
1231222,56,54,64
1231223,57,62,59
1231224,54,63,53
1231225,60,58,47
1231226,57,54,63
1231227,61,55,58
1231228,59,54,58
1231229,61,52,51
1231230,65,62,64
1231231,59,64,54
1231232,52,53,69
1231233,59,57,65
1231234,56,62,68
1231235,61,56,58
1231236,67,53,58
1231237,55,63,63
1231238,54,59,63
1231239,57,61,59
1231240,62,54,57
1231241,63,57,58
1231242,57,59,69
1231243,59,51,63
1231244,58,62,61
1231245,59,56,57
1231246,59,53,54
1231247,59,65,61
1231248,58,60,59
1231249,62,66,65
1231250,60,66,59
1231251,58,64,64
1231252,56,55,58
1231253,59,59,57
1231254,65,60,60
1231255,59,54,63
1231256,58,63,58
1231257,62,66,59
1231258,62,64,62
1231259,58,51,63
1231260,60,63,65
1231261,64,54,54
1231262,55,56,73
1231263,59,63,53
1231264,58,59,52
1231265,59,65,58
1231266,58,62,64
1231267,59,60,62
1231268,62,64,66
1231269,56,58,63
1231270,59,58,50
1231271,60,61,69
1231272,59,55,50
1231273,52,57,65
1231274,65,61,55
1231275,58,61,61
1231276,62,67,61
1231277,59,58,60
1231278,55,61,53
1231279,58,57,55
1231280,54,56,65
1231281,55,61,51
1231282,57,64,58
1231283,64,62,58
1231284,68,60,59
1231285,57,63,53
1231286,55,55,64
1231287,63,59,65
1231288,60,57,63
1231289,60,57,60
1231290,56,58,59
1231291,58,59,73
1231292,60,60,64
1231293,56,54,62
1231294,61,58,55
1231295,59,66,58
1231296,59,52,59
1231297,60,48,59
1231298,58,58,62
1231299,58,58,65
1231300,64,60,64
1231301,56,66,56
1231302,60,62,71
1231303,63,67,56
1231304,59,58,56
1231305,65,62,63
1231306,58,59,65
1231307,60,53,70
1231308,57,57,62
1231309,65,60,61
1231310,60,58,59
1231311,58,60,55
1231312,58,63,59
1231313,63,57,56
1231314,58,57,60
1231315,58,64,63
1231316,62,58,61
1231317,59,62,60
1231318,57,61,55
1231319,66,58,56
1231320,58,57,51
1231321,58,63,63
1231322,55,65,61
1231323,60,58,52
1231324,62,56,64
1231325,57,64,63
1231326,66,67,58
1231327,60,59,61
1231328,56,61,66
1231329,58,56,62
1231330,59,63,63
1231331,54,56,74
1231332,61,52,61
1231333,62,60,60
1231334,63,67,57
1231335,61,58,48
1231336,56,59,57
1231337,62,64,61
1231338,56,65,55
1231339,57,57,68
1231340,59,61,52
1231341,60,62,52
1231342,65,53,58
1231343,61,54,58
1231344,60,66,65
1231345,58,58,65
1231346,58,63,58
1231347,61,59,66
1231348,57,56,56
1231349,54,57,59
1231350,63,65,48
1231351,58,55,63
1231352,65,56,57
1231353,60,55,61
1231354,60,57,66
1231355,58,60,64
1231356,61,63,70
1231357,60,61,62
1231358,60,59,62
1231359,61,56,60
1231360,58,66,66
1231361,59,63,63
1231362,59,60,60
1231363,59,56,53
1231364,54,60,61
1231365,59,56,64
1231366,61,58,60
1231367,59,63,56
1231368,62,55,57
1231369,63,59,58
1231370,62,59,60
1231371,66,60,58
1231372,56,58,62
1231373,57,60,52
1231374,59,58,63
1231375,62,58,64
1231376,56,54,59
1231377,65,65,54
1231378,59,56,55
1231379,62,60,66
1231380,57,62,60
1231381,68,61,53
1231382,62,63,60
1231383,58,59,57
1231384,60,56,66
1231385,62,58,67
1231386,55,60,56
1231387,56,59,64
1231388,60,58,65
1231389,63,62,52
1231390,58,57,62
1231391,59,63,50
1231392,62,59,66
1231393,59,59,61
1231394,57,63,59
1231395,63,65,57
1231396,58,64,56
1231397,55,61,62
1231398,60,58,57
1231399,59,59,62
1231400,58,58,58
1231401,60,58,67
1231402,58,59,64
1231403,60,67,61
1231404,58,60,53
1231405,57,66,53
1231406,65,58,74
1231407,62,57,56
1231408,63,67,57
1231409,60,62,48
1231410,60,61,54
1231411,58,62,70
1231412,62,52,63
1231413,57,62,56
1231414,60,59,57
1231415,59,56,64
1231416,61,60,60
1231417,59,59,49
1231418,58,56,70
1231419,61,60,60
1231420,60,62,64
1231421,62,62,60
1231422,56,53,63
1231423,64,61,71
1231424,60,62,56
1231425,54,56,61
1231426,53,56,56
1231427,60,63,56
1231428,56,64,63
1231429,57,62,62
1231430,60,60,62
1231431,58,54,61
1231432,63,66,59
1231433,61,55,55
1231434,62,60,62
1231435,57,67,65
1231436,59,53,57
1231437,64,60,65
1231438,65,58,54
1231439,65,59,60
1231440,56,57,56
1231441,57,59,58
1231442,59,54,62
1231443,56,54,52
1231444,61,70,64
1231445,64,67,66
1231446,63,61,57
1231447,61,58,54
1231448,57,62,65
1231449,62,59,55
1231450,53,55,64
1231451,51,59,68
1231452,65,59,65
1231453,63,58,59
1231454,63,61,58
1231455,63,60,63
1231456,63,62,51
1231457,54,62,60
1231458,65,59,59
1231459,58,53,51
1231460,60,59,66
1231461,59,61,59
1231462,59,58,71
1231463,62,53,51
1231464,60,59,71
1231465,59,58,62
1231466,53,58,64
1231467,58,66,64
1231468,56,62,59
1231469,57,58,66
1231470,65,65,52
1231471,59,58,56
1231472,61,67,58
1231473,59,60,60
1231474,62,59,58
1231475,63,59,51
1231476,60,65,61
1231477,65,57,60
1231478,61,62,63
1231479,62,58,59
1231480,52,64,63
1231481,57,54,53
1231482,70,56,56
1231483,59,60,60
1231484,54,61,64
1231485,59,55,56
1231486,57,62,70
1231487,64,61,67
1231488,63,54,52
1231489,57,57,57
1231490,60,57,70
1231491,65,54,65
1231492,54,63,57
1231493,57,64,52
1231494,59,58,64
1231495,56,61,64
1231496,60,60,57
1231497,63,62,59
1231498,59,58,60
1231499,58,58,55
1231500,63,61,59
1231501,59,56,59
1231502,60,56,58
1231503,59,60,57
1231504,58,63,56
1231505,60,67,58
1231506,57,56,60
1231507,57,57,57
1231508,58,54,56
1231509,61,52,53
1231510,60,57,70
1231511,63,62,59
1231512,58,55,62
1231513,61,56,59
1231514,60,67,54
1231515,61,64,60
1231516,62,55,53
1231517,57,66,61
1231518,59,63,64
1231519,58,65,53
1231520,61,57,59
1231521,62,57,63
1231522,60,60,61
1231523,58,60,62
1231524,59,58,64
1231525,61,69,60
1231526,54,61,65
1231527,59,58,69
1231528,63,59,57
1231529,58,57,67
1231530,61,64,62
1231531,59,64,68
1231532,60,65,64
1231533,59,65,57
1231534,65,66,65
1231535,62,58,59
1231536,62,56,67
1231537,59,66,52
1231538,62,65,65
1231539,58,57,45
1231540,63,62,61
1231541,63,60,55
1231542,59,51,64
1231543,54,65,58
1231544,67,55,56
1231545,57,51,51
1231546,61,60,56
1231547,60,55,59
1231548,59,61,64
1231549,59,61,64
1231550,58,64,63
1231551,55,57,62
1231552,63,69,61
1231553,56,62,65
1231554,58,68,62
1231555,63,56,62
1231556,66,60,57
1231557,64,59,55
1231558,58,57,60
1231559,60,64,57
1231560,59,61,58
1231561,60,63,53
1231562,60,56,63
1231563,60,58,65
1231564,59,58,70
1231565,65,64,55
1231566,58,59,62
1231567,57,59,68
1231568,61,56,61
1231569,67,55,60
1231570,63,55,62
1231571,57,59,63
1231572,53,52,58
1231573,62,55,63
1231574,63,55,58
1231575,58,59,62
1231576,62,63,58
1231577,61,54,50
1231578,67,55,60
1231579,59,55,59
1231580,60,59,67
1231581,60,62,53
1231582,61,65,58
1231583,59,59,57
1231584,63,61,64
1231585,55,48,58
1231586,58,54,63
1231587,63,56,62
1231588,66,60,64
1231589,61,52,56
1231590,56,61,51
1231591,59,60,63
1231592,59,61,54
1231593,58,56,67
1231594,65,64,54
1231595,61,59,62
1231596,56,66,57
1231597,56,58,59
1231598,56,58,60
1231599,63,60,61
1231600,64,55,59
1231601,58,66,58
1231602,64,54,60
1231603,58,56,53
1231604,63,59,63
1231605,59,56,58
1231606,59,60,53
1231607,62,58,66
1231608,59,61,61
1231609,62,54,62
1231610,59,58,67
1231611,59,59,58
1231612,60,57,58
1231613,58,59,58
1231614,60,55,69
1231615,63,60,61
1231616,64,58,56
1231617,62,61,60
1231618,58,58,52
1231619,59,60,63
1231620,62,59,55
1231621,59,54,59
1231622,60,59,66
1231623,62,61,53
1231624,61,58,60
1231625,61,64,57
1231626,57,59,67
1231627,62,55,59
1231628,61,54,57
1231629,60,61,57
1231630,63,60,62
1231631,62,58,66
1231632,58,62,52
1231633,64,56,56
1231634,62,60,43
1231635,62,57,64
1231636,63,59,59
1231637,55,59,61
1231638,59,59,54
1231639,59,64,54
1231640,55,54,61
1231641,56,55,63
1231642,55,57,63
1231643,57,46,57
1231644,57,58,59
1231645,66,61,70
1231646,60,59,59
1231647,58,61,61
1231648,59,59,52
1231649,58,65,58
1231650,56,63,57
1231651,60,58,60
1231652,58,58,58
1231653,60,51,60
1231654,56,58,65
1231655,61,67,63
1231656,58,62,62
1231657,57,59,60
1231658,63,54,54
1231659,56,66,59
1231660,57,55,54
1231661,61,59,55
1231662,62,56,51
1231663,61,59,57
1231664,56,58,59
1231665,62,59,60
1231666,60,59,64
1231667,60,62,67
1231668,58,62,54
1231669,58,64,52
1231670,61,60,57
1231671,61,59,60
1231672,64,56,54
1231673,59,57,55
1231674,58,56,61
1231675,55,55,55
1231676,61,53,57
1231677,60,60,62
1231678,59,54,70
1231679,62,59,61
1231680,59,61,55
1231681,64,59,69
1231682,58,58,67
1231683,62,61,61
1231684,59,61,54
1231685,63,62,67
1231686,50,56,56
1231687,60,62,61
1231688,60,63,53
1231689,61,54,55
1231690,57,59,61
1231691,63,72,60
1231692,59,53,71
1231693,61,49,66
1231694,52,67,58
1231695,57,57,64
1231696,59,58,64
1231697,59,55,59
1231698,64,62,53
1231699,60,53,55
1231700,60,59,65
1231701,58,60,58
1231702,60,51,59
1231703,65,66,55
1231704,60,63,59
1231705,62,59,59
1231706,59,56,58
1231707,59,62,65
1231708,63,52,66
1231709,59,64,66
1231710,55,58,56
1231711,57,56,76
1231712,63,60,54
1231713,62,62,58
1231714,58,63,49
1231715,59,59,68
1231716,59,59,54
1231717,65,53,59
1231718,58,61,60
1231719,61,58,61
1231720,60,56,56
1231721,57,54,62
1231722,58,66,60
1231723,56,67,61
1231724,63,61,60
1231725,56,57,51
1231726,60,60,56
1231727,60,61,55
1231728,59,60,63
1231729,59,67,54
1231730,62,65,56
1231731,57,59,57
1231732,58,61,59
1231733,60,56,52
1231734,60,60,51
1231735,63,58,62
1231736,56,61,58
1231737,58,52,58
1231738,58,57,68
1231739,62,56,59
1231740,58,59,64
1231741,60,58,52
1231742,62,60,61
1231743,60,57,69
1231744,61,64,63
1231745,66,55,60
1231746,59,60,63
1231747,56,61,63
1231748,61,59,60
1231749,58,62,70
1231750,63,63,57
1231751,60,59,65
1231752,64,56,55
1231753,60,46,61
1231754,59,64,71
1231755,59,56,55
1231756,61,56,62
1231757,60,65,60
1231758,66,53,50
1231759,62,55,69
1231760,51,62,54
1231761,58,60,62
1231762,61,59,57
1231763,56,60,63
1231764,58,56,52
1231765,59,63,59
1231766,59,59,64
1231767,64,56,53
1231768,64,56,51
1231769,63,67,59
1231770,63,59,60
1231771,56,59,69
1231772,60,57,57
1231773,60,55,61
1231774,61,58,58
1231775,61,66,57
1231776,63,55,59
1231777,57,57,59
1231778,55,65,61
1231779,54,60,53
1231780,63,64,60
1231781,56,55,60
1231782,61,63,65
1231783,62,60,57
1231784,58,62,55
1231785,59,54,68
1231786,60,63,66
1231787,61,59,58
1231788,60,60,57
1231789,57,56,56
1231790,64,57,57
1231791,59,54,61
1231792,60,60,63
1231793,56,63,68
1231794,55,60,50
1231795,58,58,50
1231796,61,63,60
1231797,56,54,61
1231798,62,60,55
1231799,62,59,59
1231800,63,67,57
1231801,62,50,61
1231802,59,66,59
1231803,62,58,59
1231804,60,58,50
1231805,54,61,59
1231806,58,64,53
1231807,55,56,51
1231808,59,65,50
1231809,58,60,52
1231810,58,61,55
1231811,58,62,68
1231812,62,61,58
1231813,58,62,57
1231814,62,58,65
1231815,60,65,64
1231816,62,66,52
1231817,59,61,56
1231818,62,65,61
1231819,62,63,56
1231820,57,58,63
1231821,61,59,67
1231822,59,55,63
1231823,60,68,66
1231824,58,54,53
1231825,59,53,60
1231826,61,60,54
1231827,61,62,68
1231828,65,61,61
1231829,57,59,61
1231830,61,56,55
1231831,58,58,66
1231832,55,60,56
1231833,58,53,64
1231834,63,49,55
1231835,59,57,65
1231836,59,54,58
1231837,61,57,53
1231838,59,59,61
1231839,59,52,56
1231840,60,63,64
1231841,64,58,58
1231842,57,59,58
1231843,63,63,58
1231844,63,60,74
1231845,58,62,60
1231846,62,57,60
1231847,58,60,57
1231848,58,66,63
1231849,61,62,52
1231850,59,60,65
1231851,59,56,60
1231852,61,60,52
1231853,67,51,53
1231854,62,58,59
1231855,61,59,54
1231856,55,63,59
1231857,64,61,63
1231858,57,65,58
1231859,58,66,65
1231860,59,63,46
1231861,55,68,56
1231862,59,66,56
1231863,60,55,52
1231864,60,61,62
1231865,64,58,59
1231866,60,60,72
1231867,62,64,53
1231868,62,64,53
1231869,58,56,56
1231870,64,63,75
1231871,66,52,70
1231872,64,53,56
1231873,56,59,61
1231874,53,58,68
1231875,58,53,64
1231876,58,62,62
1231877,62,57,59
1231878,60,61,51
1231879,54,65,61
1231880,61,55,63
1231881,57,57,61
1231882,59,59,60
1231883,58,57,48
1231884,62,63,58
1231885,58,54,61
1231886,62,61,63
1231887,59,55,63
1231888,64,65,58
1231889,55,58,56
1231890,60,62,63
1231891,59,64,62
1231892,56,59,57
1231893,54,62,59
1231894,61,64,61
1231895,66,64,59
1231896,61,66,54
1231897,63,64,57
1231898,64,63,56
1231899,56,60,58
1231900,59,57,55
1231901,62,59,65
1231902,55,66,68
1231903,60,60,65
1231904,58,55,66
1231905,59,55,61
1231906,64,52,64
1231907,60,60,62
1231908,53,62,62
1231909,65,62,50
1231910,61,58,65
1231911,59,61,53
1231912,62,58,61
1231913,56,61,67
1231914,61,61,61
1231915,62,54,64
1231916,57,62,66
1231917,60,58,65
1231918,62,57,64
1231919,63,57,59
1231920,57,65,55
1231921,57,66,60
1231922,57,65,51
1231923,52,51,54
1231924,57,52,68
1231925,56,57,56
1231926,57,59,59
1231927,65,64,55
1231928,61,60,56
1231929,55,52,53
1231930,63,62,65
1231931,56,58,47
1231932,63,65,65
1231933,56,59,57
1231934,62,56,53
1231935,63,53,61
1231936,58,52,60
1231937,55,60,58
1231938,55,61,58
1231939,61,53,54
1231940,65,63,62
1231941,54,60,65
1231942,60,56,62
1231943,58,59,65
1231944,58,62,58
1231945,60,56,48
1231946,60,60,61
1231947,60,55,64
1231948,57,61,56
1231949,56,57,52
1231950,57,65,58
1231951,64,47,68
1231952,61,62,58
1231953,59,58,58
1231954,57,70,58
1231955,64,63,50
1231956,61,57,67
1231957,59,61,54
1231958,60,59,61
1231959,57,61,61
1231960,63,59,63
1231961,60,64,57
1231962,58,59,61
1231963,55,60,60
1231964,58,59,66
1231965,61,64,71
1231966,60,67,59
1231967,61,61,62
1231968,59,57,57
1231969,55,54,50
1231970,56,61,56
1231971,62,62,56
1231972,59,59,56
1231973,56,57,61
1231974,59,58,60
1231975,61,55,59
1231976,65,50,57
1231977,60,62,60
1231978,63,55,57
1231979,58,57,45
1231980,59,57,63
1231981,60,60,55
1231982,64,60,59
1231983,60,58,57
1231984,59,57,61
1231985,62,58,61
1231986,59,62,56
1231987,58,70,65
1231988,60,63,61
1231989,58,63,67
1231990,59,57,67
1231991,63,56,54
1231992,65,55,63
1231993,65,64,57
1231994,61,67,52
1231995,63,56,56
1231996,56,59,55
1231997,63,70,62
1231998,62,57,63
1231999,61,55,59
1232000,60,64,64
1232001,62,48,50
1232002,63,62,57
1232003,59,63,61
1232004,59,64,62
1232005,59,52,61
1232006,62,58,55
1232007,59,59,50
1232008,59,51,66
1232009,63,63,68
1232010,56,53,59
1232011,59,63,60
1232012,58,51,51
1232013,59,61,65
1232014,58,56,66
1232015,58,64,54
1232016,57,62,58
1232017,65,57,62
1232018,59,58,64
1232019,60,62,53
1232020,62,55,65
1232021,60,60,57
1232022,61,57,60
1232023,58,59,60
1232024,63,58,58
1232025,59,57,65
1232026,64,65,62
1232027,58,61,61
1232028,59,65,65
1232029,62,54,53
1232030,60,62,62
1232031,60,61,59
1232032,63,61,61
1232033,62,67,65
1232034,57,62,64
1232035,62,52,64
1232036,59,53,57
1232037,58,58,57
1232038,57,55,58
1232039,64,63,68
1232040,56,64,56
1232041,61,61,63
1232042,52,62,66
1232043,63,59,71
1232044,60,58,61
1232045,61,57,61
1232046,59,59,61
1232047,62,55,61
1232048,59,62,53
1232049,55,58,62
1232050,58,64,66
1232051,62,64,60
1232052,59,52,66
1232053,56,59,67
1232054,55,56,63
1232055,62,60,55
1232056,59,57,60
1232057,61,55,47
1232058,63,59,48
1232059,66,70,65
1232060,65,53,64
1232061,58,56,59
1232062,55,54,63
1232063,59,59,73
1232064,59,56,52
1232065,58,65,58
1232066,62,53,63
1232067,63,57,57
1232068,60,63,59
1232069,56,59,55
1232070,64,63,59
1232071,56,62,58
1232072,58,57,63
1232073,61,63,63
1232074,62,51,51
1232075,61,64,57
1232076,62,57,56
1232077,58,64,64
1232078,61,54,60
1232079,58,58,56
1232080,62,71,62
1232081,62,57,64
1232082,58,60,61
1232083,63,54,68
1232084,60,57,65
1232085,60,56,57
1232086,58,56,53
1232087,56,59,52
1232088,60,62,53
1232089,63,57,54
1232090,57,51,68
1232091,57,56,59
1232092,57,56,65
1232093,61,64,57
1232094,61,62,58
1232095,62,56,56
1232096,63,60,60
1232097,63,58,61
1232098,57,59,55
1232099,62,61,72
1232100,58,56,70
1232101,59,64,56
1232102,52,56,55
1232103,60,57,49
1232104,62,55,55
1232105,61,57,54
1232106,62,53,53
1232107,59,61,60
1232108,56,60,54
1232109,62,60,62
1232110,60,57,59
1232111,57,63,57
1232112,60,60,67
1232113,62,62,68
1232114,60,62,61
1232115,56,62,56
1232116,63,57,63
1232117,62,62,55
1232118,60,53,61
1232119,60,55,67
1232120,59,59,58
1232121,60,50,61
1232122,56,60,71
1232123,60,64,63
1232124,61,62,60
1232125,62,64,56
1232126,64,58,57
1232127,63,57,57
1232128,59,52,63
1232129,56,57,53
1232130,60,58,59
1232131,64,61,57
1232132,57,57,51
1232133,56,61,58
1232134,64,54,52
1232135,59,59,57
1232136,62,58,53
1232137,56,64,59
1232138,58,57,62
1232139,64,58,58
1232140,58,60,54
1232141,61,66,64
1232142,60,65,65
1232143,63,66,61
1232144,59,56,61
1232145,62,59,61
1232146,56,59,56
1232147,58,65,66
1232148,60,60,55
1232149,56,59,53
1232150,60,58,55
1232151,58,60,63
1232152,58,65,62
1232153,62,61,55
1232154,55,56,55
1232155,57,61,58
1232156,58,59,67
1232157,60,59,61
1232158,62,59,64
1232159,61,59,68
1232160,60,66,61
1232161,62,64,60
1232162,60,53,63
1232163,55,60,57
1232164,62,63,60
1232165,60,59,64
1232166,57,65,50
1232167,60,61,63
1232168,62,57,54
1232169,59,62,54
1232170,56,65,60
1232171,60,61,59
1232172,62,62,67
1232173,65,56,57
1232174,56,63,66
1232175,59,61,59
1232176,51,63,58
1232177,57,63,62
1232178,55,50,58
1232179,59,62,59
1232180,60,56,73
1232181,61,60,53
1232182,63,63,55
1232183,67,60,52
1232184,57,53,59
1232185,61,55,62
1232186,59,59,54
1232187,61,56,64
1232188,64,57,63
1232189,61,50,51
1232190,56,58,61
1232191,62,48,48
1232192,62,61,58
1232193,58,61,54
1232194,59,58,61
1232195,60,64,66
1232196,59,63,70
1232197,58,58,53
1232198,58,55,72
1232199,58,58,56
1232200,58,58,55
1232201,56,55,52
1232202,61,66,61
1232203,63,61,61
1232204,59,60,61
1232205,60,64,58
1232206,63,58,72
1232207,66,62,59
1232208,60,59,69
1232209,63,64,54
1232210,56,58,53
1232211,61,54,67
1232212,57,56,61
1232213,55,55,68
1232214,58,59,59
1232215,58,61,50
1232216,60,56,52
1232217,59,70,61
1232218,60,57,57
1232219,54,56,58
1232220,60,61,59
1232221,65,56,56
1232222,61,57,62
1232223,56,62,65
1232224,62,56,58
1232225,59,61,52
1232226,61,63,62
1232227,64,62,64
1232228,60,58,56
1232229,63,56,61
1232230,60,64,67
1232231,60,62,56
1232232,54,59,60
1232233,62,64,64
1232234,63,63,70
1232235,59,61,60
1232236,60,57,57
1232237,56,60,54
1232238,65,63,62
1232239,58,60,67
1232240,65,60,58
1232241,61,57,55
1232242,60,58,54
1232243,61,61,60
1232244,52,67,70
1232245,58,59,63
1232246,58,59,50
1232247,56,58,57
1232248,60,58,58
1232249,59,52,59
1232250,63,61,60
1232251,58,58,58
1232252,57,57,59
1232253,67,63,60
1232254,62,58,59
1232255,63,56,64
1232256,59,59,52
1232257,57,59,55
1232258,65,60,64
1232259,62,55,61
1232260,57,64,60
1232261,58,64,60
1232262,60,58,59
1232263,60,58,72
1232264,61,61,59
1232265,58,63,55
1232266,63,60,58
1232267,58,60,58
1232268,58,57,58
1232269,67,60,54
1232270,56,54,64
1232271,61,58,62
1232272,61,54,60
1232273,67,64,64
1232274,62,58,65
1232275,62,65,62
1232276,63,58,56
1232277,57,55,60
1232278,57,62,56
1232279,59,65,60
1232280,58,64,66
1232281,61,57,71
1232282,58,61,63
1232283,56,69,59
1232284,57,54,57
1232285,61,63,58
1232286,61,61,53
1232287,61,63,56
1232288,61,61,64
1232289,61,60,55
1232290,56,63,52
1232291,59,62,66
1232292,61,61,65
1232293,62,59,59
1232294,59,63,62
1232295,58,59,67
1232296,56,58,62
1232297,65,63,54
1232298,63,56,50
1232299,59,58,61
1232300,57,63,57
1232301,64,60,58
1232302,61,58,60
1232303,64,62,53
1232304,60,63,54
1232305,62,61,53
1232306,57,51,59
1232307,62,59,60
1232308,61,60,69
1232309,59,57,69
1232310,58,47,66
1232311,53,58,66
1232312,59,62,60
1232313,56,59,58
1232314,65,53,56
1232315,60,57,62
1232316,64,60,62
1232317,66,62,71
1232318,56,69,57
1232319,61,59,64
1232320,65,61,64
1232321,67,61,57
1232322,64,57,63
1232323,61,66,55
1232324,61,58,61
1232325,62,57,67
1232326,60,62,62
1232327,58,53,51
1232328,57,57,63
1232329,57,58,63
1232330,60,65,61
1232331,59,60,56
1232332,57,57,57
1232333,58,69,64
1232334,59,59,67
1232335,57,55,58
1232336,57,59,53
1232337,55,59,42
1232338,59,56,54
1232339,57,59,53
1232340,58,60,60
1232341,56,61,51
1232342,60,61,60
1232343,62,64,61
1232344,62,60,60
1232345,54,62,64
1232346,57,58,52
1232347,58,62,67
1232348,60,64,61
1232349,67,64,63
1232350,60,52,53
1232351,62,62,56
1232352,58,60,63
1232353,63,64,53
1232354,59,61,54
1232355,67,64,57
1232356,58,60,62
1232357,60,64,62
1232358,63,68,60
1232359,61,59,61
1232360,61,60,63
1232361,51,57,62
1232362,65,58,48
1232363,56,63,59
1232364,57,55,52
1232365,63,58,61
1232366,62,53,63
1232367,60,56,62
1232368,54,56,63
1232369,60,60,51
1232370,60,60,59
1232371,55,55,57
1232372,57,50,65
1232373,58,62,59
1232374,61,57,54
1232375,73,58,50
1232376,59,63,69
1232377,63,61,63
1232378,58,65,56
1232379,57,63,58
1232380,62,53,53
1232381,54,61,57
1232382,56,65,56
1232383,58,55,57
1232384,59,58,67
1232385,58,57,51
1232386,62,56,59
1232387,58,62,65
1232388,61,55,62
1232389,59,59,65
1232390,60,58,59
1232391,57,64,55
1232392,61,62,62
1232393,61,65,53
1232394,56,65,59
1232395,58,59,65
1232396,57,63,60
1232397,58,60,68
1232398,58,56,61
1232399,60,55,61
1232400,64,55,52
1232401,58,53,54
1232402,61,57,63
1232403,55,66,63
1232404,57,57,62
1232405,60,61,64
1232406,59,56,66
1232407,58,59,58
1232408,63,60,61
1232409,54,59,62
1232410,53,65,52
1232411,60,62,61
1232412,61,53,57
1232413,59,65,68
1232414,56,59,59
1232415,62,71,56
1232416,59,63,62
1232417,55,63,62
1232418,63,67,63
1232419,60,60,65
1232420,58,58,60
1232421,60,59,71
1232422,52,58,53
1232423,58,61,58
1232424,62,56,69
1232425,62,63,64
1232426,57,60,62
1232427,59,56,54
1232428,64,55,64
1232429,62,61,60
1232430,62,60,60
1232431,61,66,59
1232432,61,59,62
1232433,60,53,52
1232434,61,67,60
1232435,59,54,64
1232436,58,65,55
1232437,62,55,60
1232438,64,64,63
1232439,52,59,65
1232440,52,58,63
1232441,65,55,66
1232442,64,61,70
1232443,60,55,59
1232444,58,59,47
1232445,61,62,52
1232446,56,56,68
1232447,51,57,65
1232448,59,51,53
1232449,60,60,62
1232450,58,58,52
1232451,61,56,67
1232452,59,52,66
1232453,67,59,55
1232454,60,51,54
1232455,59,54,57
1232456,60,60,64
1232457,55,62,56
1232458,58,56,66
1232459,63,59,57
1232460,58,53,58
1232461,63,64,55
1232462,58,62,61
1232463,62,66,63
1232464,60,53,65
1232465,61,61,54
1232466,58,61,63
1232467,61,60,55
1232468,63,60,66
1232469,62,55,63
1232470,56,62,55
1232471,61,56,60
1232472,63,62,58
1232473,57,68,56
1232474,53,54,57
1232475,63,56,57
1232476,60,53,64
1232477,60,55,62
1232478,60,63,67
1232479,57,67,62
1232480,51,61,49
1232481,58,56,58
1232482,60,68,60
1232483,62,49,55
1232484,63,65,63
1232485,61,54,55
1232486,61,63,67
1232487,56,59,53
1232488,61,58,62
1232489,56,61,54
1232490,58,52,67
1232491,58,58,53
1232492,60,53,65
1232493,60,55,63
1232494,57,58,60
1232495,68,57,66
1232496,60,67,55
1232497,62,52,57
1232498,65,59,53
1232499,58,52,58
1232500,59,58,59
1232501,59,59,56
1232502,60,62,54
1232503,59,56,53
1232504,61,58,56
1232505,63,58,64
1232506,56,58,65
1232507,61,47,59
1232508,62,58,66
1232509,54,62,62
1232510,57,57,63
1232511,56,60,64
1232512,59,67,62
1232513,55,59,58
1232514,60,55,58
1232515,56,57,65
1232516,63,53,63
1232517,58,60,57
1232518,58,59,63
1232519,59,56,57
1232520,60,59,59
1232521,56,53,57
1232522,61,60,56
1232523,57,61,54
1232524,61,63,59
1232525,61,64,59
1232526,58,61,60
1232527,56,59,52
1232528,57,57,57
1232529,60,62,57
1232530,63,54,56
1232531,59,65,57
1232532,59,58,58
1232533,60,55,68
1232534,60,60,55
1232535,60,52,58
1232536,59,59,66
1232537,57,61,57
1232538,59,59,62
1232539,57,59,56
1232540,64,56,59
1232541,64,61,59
1232542,65,63,61
1232543,56,63,67
1232544,60,65,55
1232545,62,60,65
1232546,59,63,59
1232547,61,61,56
1232548,56,63,58
1232549,57,57,54
1232550,61,59,53
1232551,58,65,55
1232552,61,59,64
1232553,58,52,49
1232554,60,56,56
1232555,59,63,57
1232556,59,58,63
1232557,59,56,59
1232558,61,62,70
1232559,60,59,59
1232560,63,59,58
1232561,56,64,62
1232562,56,63,53
1232563,59,55,63
1232564,64,65,62
1232565,65,62,62
1232566,60,58,65
1232567,63,69,61
1232568,59,54,64
1232569,64,55,49
1232570,58,64,56
1232571,58,59,66
1232572,58,53,64
1232573,59,62,57
1232574,54,58,68
1232575,62,62,63
1232576,63,67,63
1232577,58,59,67
1232578,62,62,54
1232579,58,60,68
1232580,60,60,61
1232581,55,62,55
1232582,59,56,56
1232583,62,61,65
1232584,59,61,54
1232585,64,59,66
1232586,58,56,58
1232587,57,56,58
1232588,56,57,51
1232589,58,55,56
1232590,59,56,49
1232591,61,64,57
1232592,64,55,64
1232593,58,57,73
1232594,61,62,66
1232595,56,57,51
1232596,63,69,59
1232597,62,52,58
1232598,65,59,51
1232599,56,58,49
1232600,63,60,54
1232601,60,57,60
1232602,57,67,63
1232603,61,63,62
1232604,64,60,59
1232605,58,53,58
1232606,61,67,63
1232607,59,58,53
1232608,58,60,62
1232609,56,57,59
1232610,60,60,61
1232611,64,59,61
1232612,62,58,61
1232613,56,58,54
1232614,60,55,56
1232615,57,61,61
1232616,55,65,59
1232617,60,62,66
1232618,62,68,62
1232619,63,57,58
1232620,58,56,58
1232621,58,65,60
1232622,56,60,53
1232623,62,68,51
1232624,58,60,54
1232625,64,62,61
1232626,60,59,64
1232627,59,54,59
1232628,52,59,58
1232629,60,53,57
1232630,62,59,57
1232631,55,63,67
1232632,58,53,52
1232633,59,62,64
1232634,66,56,62
1232635,59,61,54
1232636,59,61,57
1232637,58,54,58
1232638,54,56,55
1232639,60,61,67
1232640,57,63,70
1232641,56,58,68
1232642,59,61,54
1232643,59,52,62
1232644,59,53,64
1232645,57,63,61
1232646,62,53,61
1232647,57,63,60
1232648,65,60,55
1232649,59,63,61
1232650,66,64,55
1232651,63,61,59
1232652,58,57,61
1232653,57,60,60
1232654,59,63,57
1232655,56,59,62
1232656,55,58,61
1232657,61,56,65
1232658,57,57,67
1232659,57,60,56
1232660,54,59,62
1232661,58,63,58
1232662,63,63,64
1232663,54,66,55
1232664,60,57,58
1232665,59,65,61
1232666,62,53,57
1232667,58,63,58
1232668,58,63,65
1232669,65,62,66
1232670,58,59,65
1232671,59,59,67
1232672,60,56,66
1232673,63,58,61
1232674,59,60,57
1232675,56,65,54
1232676,59,50,58
1232677,59,56,60
1232678,54,56,67
1232679,60,63,61
1232680,63,61,65
1232681,60,59,62
1232682,67,58,59
1232683,65,66,60
1232684,55,53,57
1232685,57,63,54
1232686,63,57,54
1232687,55,52,64
1232688,52,58,59
1232689,57,58,50
1232690,60,68,63
1232691,66,66,57
1232692,64,58,58
1232693,59,58,58
1232694,61,63,55
1232695,59,57,49
1232696,62,58,65
1232697,62,67,49
1232698,57,66,60
1232699,64,58,70
1232700,66,64,58
1232701,62,61,58
1232702,56,57,58
1232703,57,64,55
1232704,62,58,64
1232705,60,59,63
1232706,56,59,59
1232707,56,64,56
1232708,60,63,75
1232709,57,56,69
1232710,61,59,58
1232711,58,53,63
1232712,65,65,64
1232713,57,58,60
1232714,60,61,65
1232715,60,59,53
1232716,60,59,58
1232717,59,69,58
1232718,58,55,51
1232719,58,54,68
1232720,63,54,59
1232721,61,54,65
1232722,56,60,60
1232723,60,66,54
1232724,61,57,69
1232725,52,64,59
1232726,57,61,60
1232727,61,58,67
1232728,52,53,64
1232729,57,56,55
1232730,59,54,62
1232731,60,59,55
1232732,64,59,65
1232733,57,55,55
1232734,55,58,61
1232735,59,64,62
1232736,56,58,60
1232737,62,59,64
1232738,62,56,57
1232739,61,61,48
1232740,55,63,62
1232741,62,55,65
1232742,63,62,65
1232743,61,61,58
1232744,61,52,72
1232745,53,59,60
1232746,60,60,51
1232747,57,56,56
1232748,61,56,56
1232749,56,59,56
1232750,66,58,56
1232751,63,58,65
1232752,58,65,68
1232753,61,59,62
1232754,60,56,58
1232755,63,58,61
1232756,58,66,48
1232757,68,62,60
1232758,58,54,62
1232759,61,61,57
1232760,62,60,49
1232761,60,67,52
1232762,62,58,53
1232763,57,56,64
1232764,59,61,62
1232765,59,54,63
1232766,59,55,57
1232767,62,47,68
1232768,63,63,56
1232769,61,57,59
1232770,57,58,60
1232771,56,61,61
1232772,59,60,58
1232773,62,54,62
1232774,61,63,67
1232775,57,59,59
1232776,59,57,55
1232777,59,54,63
1232778,60,63,54
1232779,60,60,52
1232780,59,57,63
1232781,57,59,63
1232782,63,56,59
1232783,59,56,56
1232784,59,60,57
1232785,58,56,63
1232786,57,60,63
1232787,62,55,62
1232788,58,61,53
1232789,58,62,64
1232790,65,67,69
1232791,59,61,61
1232792,57,61,59
1232793,56,64,51
1232794,57,63,57
1232795,59,57,61
1232796,57,63,51
1232797,63,61,65
1232798,61,60,57
1232799,62,50,54
1232800,58,65,49
1232801,59,61,51
1232802,54,59,62
1232803,57,64,60
1232804,61,59,59
1232805,60,61,60
1232806,63,59,60
1232807,56,59,57
1232808,66,64,60
1232809,56,61,53
1232810,62,55,66
1232811,59,55,63
1232812,59,57,62
1232813,59,57,55
1232814,65,63,50
1232815,61,59,60
1232816,57,62,59
1232817,63,58,62
1232818,62,62,61
1232819,60,55,65
1232820,55,66,58
1232821,59,61,59
1232822,55,56,61
1232823,55,61,60
1232824,57,58,51
1232825,57,63,71
1232826,59,60,60
1232827,64,53,52
1232828,56,54,57
1232829,57,63,58
1232830,64,59,59
1232831,60,64,63
1232832,57,57,56
1232833,60,56,64
1232834,61,63,52
1232835,64,62,56
1232836,58,61,55
1232837,56,61,55
1232838,56,55,53
1232839,65,63,60
1232840,55,63,65
1232841,55,61,58
1232842,59,56,63
1232843,57,67,66
1232844,57,56,66
1232845,56,53,66
1232846,62,59,62
1232847,63,64,60
1232848,56,55,62
1232849,59,58,51
1232850,62,65,60
1232851,57,57,63
1232852,62,53,68
1232853,60,61,61
1232854,58,61,61
1232855,64,56,69
1232856,60,53,62
1232857,61,57,66
1232858,56,64,60
1232859,62,59,59
1232860,62,65,60
1232861,55,52,54
1232862,62,66,55
1232863,61,56,65
1232864,62,59,55
1232865,54,63,59
1232866,60,59,54
1232867,59,61,68
1232868,66,62,59
1232869,59,61,62
1232870,59,55,65
1232871,57,51,56
1232872,62,58,59
1232873,57,60,63
1232874,58,53,54
1232875,63,57,57
1232876,57,57,55
1232877,62,67,63
1232878,56,59,56
1232879,56,61,61
1232880,54,55,54
1232881,57,60,61
1232882,55,61,61
1232883,60,62,57
1232884,59,63,59
1232885,61,61,57
1232886,58,63,60
1232887,56,70,54
1232888,59,53,53
1232889,60,55,68
1232890,60,52,55
1232891,61,57,64
1232892,58,62,61
1232893,63,50,65
1232894,54,61,61
1232895,58,58,71
1232896,62,66,68
1232897,63,58,57
1232898,55,59,58
1232899,64,65,56
1232900,60,57,63
1232901,55,58,60
1232902,53,50,61
1232903,56,62,60
1232904,58,56,59
1232905,63,66,57
1232906,68,66,61
1232907,60,56,57
1232908,59,59,61
1232909,62,55,65
1232910,63,59,53
1232911,62,62,42
1232912,56,64,61
1232913,61,66,56
1232914,56,59,73
1232915,57,63,57
1232916,59,62,64
1232917,60,62,60
1232918,59,53,57
1232919,59,57,46
1232920,56,60,63
1232921,55,62,68
1232922,58,60,64
1232923,62,63,58
1232924,62,66,50
1232925,53,65,66
1232926,66,52,59
1232927,58,56,56
1232928,64,61,64
1232929,65,59,58
1232930,56,59,54
1232931,58,60,54
1232932,56,58,69
1232933,60,59,60
1232934,59,55,54
1232935,58,54,68
1232936,61,54,62
1232937,56,63,54
1232938,58,64,59
1232939,58,66,61
1232940,57,63,60
1232941,60,56,54
1232942,57,62,67
1232943,59,67,64
1232944,61,61,64
1232945,61,63,59
1232946,63,66,55
1232947,68,65,54
1232948,53,62,61
1232949,57,63,65
1232950,57,65,59
1232951,55,63,59
1232952,59,65,56
1232953,59,61,64
1232954,58,55,60
1232955,60,67,59
1232956,59,59,56
1232957,63,59,66
1232958,59,62,58
1232959,51,60,68
1232960,55,59,57
1232961,64,55,56
1232962,56,60,57
1232963,59,64,59
1232964,58,59,51
1232965,58,58,61
1232966,62,56,61
1232967,59,65,68
1232968,53,73,59
1232969,60,58,54
1232970,58,52,54
1232971,57,68,49
1232972,57,61,60
1232973,65,54,64
1232974,62,56,58
1232975,60,62,52
1232976,55,60,62
1232977,58,60,70
1232978,56,56,58
1232979,59,61,54
1232980,57,55,58
1232981,52,52,57
1232982,61,61,64
1232983,63,61,69
1232984,54,63,68
1232985,58,60,66
1232986,59,53,63
1232987,57,57,62
1232988,63,60,55
1232989,58,59,57
1232990,60,65,54
1232991,56,65,66
1232992,64,59,66
1232993,65,54,56
1232994,58,65,62
1232995,61,55,58
1232996,56,62,56
1232997,64,63,60
1232998,57,59,63
1232999,68,62,52
1233000,60,65,60
1233001,62,55,61
1233002,62,59,63
1233003,63,61,63
1233004,61,63,59
1233005,66,64,64
1233006,66,69,56
1233007,55,64,63
1233008,60,55,69
1233009,57,49,57
1233010,60,58,61
1233011,59,59,57
1233012,59,55,53
1233013,63,59,55
1233014,59,55,56
1233015,64,61,62
1233016,62,64,59
1233017,63,60,54
1233018,56,61,58
1233019,65,58,63
1233020,58,61,59
1233021,60,61,61
1233022,61,63,49
1233023,59,60,61
1233024,60,62,66
1233025,60,65,54
1233026,61,59,66
1233027,60,69,67
1233028,63,59,59
1233029,61,65,57
1233030,57,56,53
1233031,55,54,56
1233032,60,57,63
1233033,60,65,53
1233034,60,56,60
1233035,58,60,59
1233036,56,62,58
1233037,58,60,51
1233038,58,58,58
1233039,61,58,68
1233040,63,55,56
1233041,60,58,58
1233042,61,63,51
1233043,60,63,63
1233044,63,57,54
1233045,60,55,62
1233046,61,59,58
1233047,55,63,72
1233048,64,64,66
1233049,56,56,58
1233050,59,60,54
1233051,60,58,62
1233052,58,56,62
1233053,57,67,68
1233054,62,64,64
1233055,52,66,57
1233056,51,56,67
1233057,60,63,62
1233058,61,61,52
1233059,63,62,50
1233060,57,64,65
1233061,60,56,58
1233062,61,57,64
1233063,54,58,65
1233064,62,56,65
1233065,63,71,67
1233066,54,57,61
1233067,55,61,65
1233068,62,57,62
1233069,59,54,70
1233070,55,65,64
1233071,59,67,59
1233072,58,69,59
1233073,58,59,63
1233074,61,51,58
1233075,54,58,59
1233076,60,61,64
1233077,52,59,57
1233078,56,58,59
1233079,59,56,58
1233080,61,64,64
1233081,61,64,58
1233082,59,57,54
1233083,61,62,63
1233084,60,65,59
1233085,62,62,61
1233086,64,53,62
1233087,58,59,62
1233088,56,52,64
1233089,61,61,62
1233090,59,61,64
1233091,54,60,52
1233092,56,67,61
1233093,58,53,46
1233094,52,60,63
1233095,59,56,52
1233096,57,51,60
1233097,60,61,53
1233098,61,64,54
1233099,59,62,55
1233100,60,58,56
1233101,62,63,52
1233102,60,64,61
1233103,61,65,55
1233104,62,63,60
1233105,57,60,54
1233106,63,61,61
1233107,57,57,60
1233108,59,56,56
1233109,57,58,56
1233110,56,57,57
1233111,58,60,53
1233112,62,56,57
1233113,58,60,59
1233114,50,59,67
1233115,60,58,55
1233116,59,54,69
1233117,57,56,51
1233118,62,65,57
1233119,57,60,61
1233120,58,62,67
1233121,61,57,64
1233122,62,63,59
1233123,62,63,59
1233124,57,62,65
1233125,53,59,65
1233126,57,52,53
1233127,62,48,55
1233128,58,58,63
1233129,61,57,65
1233130,58,57,51
1233131,63,65,59
1233132,59,61,61
1233133,62,65,62
1233134,62,63,61
1233135,58,58,63
1233136,61,62,63
1233137,58,62,68
1233138,61,64,61
1233139,60,59,59
1233140,56,62,61
1233141,62,50,56
1233142,59,60,61
1233143,60,56,54
1233144,56,62,64
1233145,61,55,55
1233146,58,52,65
1233147,61,64,57
1233148,61,64,59
1233149,59,60,64
1233150,60,61,55
1233151,54,57,54
1233152,60,58,62
1233153,56,62,61
1233154,64,57,65
1233155,61,54,65
1233156,62,62,56
1233157,56,52,59
1233158,60,57,50
1233159,60,60,56
1233160,57,62,55
1233161,63,63,63
1233162,59,61,63
1233163,56,62,63
1233164,62,64,59
1233165,58,63,58
1233166,63,61,67
1233167,63,66,51
1233168,65,60,55
1233169,57,56,56
1233170,57,58,64
1233171,57,60,60
1233172,62,63,54
1233173,61,65,68
1233174,59,53,64
1233175,58,56,57
1233176,58,61,57
1233177,58,64,54
1233178,61,61,53
1233179,59,60,61
1233180,65,58,68
1233181,60,62,66
1233182,62,66,63
1233183,62,59,52
1233184,53,62,60
1233185,55,54,66
1233186,61,57,60
1233187,57,65,62
1233188,64,66,62
1233189,54,61,67
1233190,57,67,63
1233191,65,53,61
1233192,63,57,54
1233193,54,59,61
1233194,60,52,59
1233195,60,58,49
1233196,60,60,64
1233197,54,59,63
1233198,62,58,56
1233199,59,61,61
1233200,62,62,65
1233201,57,61,58
1233202,56,63,50
1233203,63,61,64
1233204,59,61,62
1233205,60,61,59
1233206,63,57,63
1233207,63,62,56
1233208,59,55,62
1233209,59,58,55
1233210,56,64,64
1233211,57,60,52
1233212,57,55,60
1233213,61,51,56
1233214,65,64,50
1233215,60,58,53
1233216,61,63,55
1233217,58,58,67
1233218,59,65,67
1233219,64,61,45
1233220,64,59,56
1233221,57,64,55
1233222,59,69,53
1233223,57,60,62
1233224,58,64,65
1233225,64,55,56
1233226,57,58,62
1233227,60,62,61
1233228,57,59,61
1233229,55,68,65
1233230,58,60,57
1233231,57,62,53
1233232,58,59,56
1233233,58,56,51
1233234,59,60,60
1233235,57,56,70
1233236,65,56,70
1233237,64,59,59
1233238,56,63,70
1233239,60,53,51
1233240,62,66,52
1233241,60,53,58
1233242,56,54,62
1233243,60,55,60
1233244,63,63,60
1233245,58,60,64
1233246,61,59,57
1233247,57,59,58
1233248,62,62,60
1233249,60,55,61
1233250,61,62,57
1233251,62,58,66
1233252,60,58,53
1233253,57,58,58
1233254,59,60,58
1233255,63,52,69
1233256,58,58,59
1233257,61,56,59
1233258,53,62,59
1233259,58,58,53
1233260,62,59,57
1233261,59,57,63
1233262,66,53,60
1233263,58,62,61
1233264,56,61,56
1233265,54,65,65
1233266,61,64,59
1233267,69,58,58
1233268,60,62,52
1233269,65,55,51
1233270,61,57,67
1233271,57,57,61
1233272,56,65,71
1233273,62,73,60
1233274,60,57,66
1233275,61,58,57
1233276,62,54,57
1233277,57,53,56
1233278,60,61,59
1233279,61,64,51
1233280,59,63,60
1233281,64,59,48
1233282,57,59,61
1233283,63,61,69
1233284,51,61,56
1233285,64,54,58
1233286,59,57,56
1233287,63,62,56
1233288,61,64,65
1233289,57,65,61
1233290,58,62,68
1233291,55,65,61
1233292,62,57,59
1233293,61,61,55
1233294,62,59,48
1233295,59,70,55
1233296,60,59,56
1233297,62,64,59
1233298,65,64,58
1233299,55,55,57
1233300,58,59,55
1233301,59,67,59
1233302,55,58,64
1233303,61,50,64
1233304,60,57,48
1233305,60,58,56
1233306,57,57,60
1233307,57,56,53
1233308,62,55,64
1233309,63,59,70
1233310,57,65,65
1233311,63,61,53
1233312,56,69,64
1233313,58,52,70
1233314,63,64,64
1233315,57,64,56
1233316,63,54,60
1233317,59,57,59
1233318,61,61,66
1233319,64,62,55
1233320,55,55,57
1233321,61,56,59
1233322,57,60,59
1233323,59,59,50
1233324,61,63,68
1233325,64,73,54
1233326,61,58,60
1233327,62,51,53
1233328,59,65,63
1233329,56,60,62
1233330,64,63,58
1233331,57,61,69
1233332,61,52,54
1233333,58,59,60
1233334,58,57,59
1233335,62,54,60
1233336,61,58,55
1233337,59,59,56
1233338,55,63,55
1233339,57,60,64
1233340,56,61,52
1233341,60,61,55
1233342,63,63,62
1233343,61,60,57
1233344,61,64,62
1233345,55,61,63
1233346,56,61,55
1233347,62,59,64
1233348,60,57,63
1233349,62,59,65
1233350,54,62,57
1233351,58,49,60
1233352,58,59,62
1233353,60,61,59
1233354,59,51,57
1233355,59,61,65
1233356,59,60,54
1233357,61,56,70
1233358,59,57,59
1233359,55,54,57
1233360,58,57,66
1233361,61,60,58
1233362,59,61,58
1233363,62,63,68
1233364,65,66,54
1233365,58,61,65
1233366,60,63,64
1233367,63,57,62
1233368,61,57,69
1233369,54,58,59
1233370,53,66,62
1233371,59,57,59
1233372,60,57,59
1233373,57,55,64
1233374,62,57,68
1233375,62,56,60
1233376,58,55,68
1233377,59,57,51
1233378,57,64,62
1233379,56,61,55
1233380,59,57,57
1233381,54,58,61
1233382,59,58,60
1233383,60,53,62
1233384,62,63,75
1233385,58,56,47
1233386,60,63,55
1233387,67,57,68
1233388,59,57,63
1233389,61,52,59
1233390,58,59,65
1233391,58,57,54
1233392,60,64,57
1233393,62,64,53
1233394,60,54,60
1233395,59,61,59
1233396,62,59,58
1233397,59,64,60
1233398,62,66,66
1233399,57,69,59
1233400,61,62,55
1233401,59,53,65
1233402,61,56,65
1233403,67,58,49
1233404,59,56,51
1233405,62,50,59
1233406,59,56,67
1233407,64,57,60
1233408,65,54,59
1233409,55,68,59
1233410,63,56,70
1233411,60,60,61
1233412,60,66,58
1233413,62,62,66
1233414,55,61,60
1233415,59,58,67
1233416,57,56,60
1233417,66,60,59
1233418,63,58,53
1233419,58,59,58
1233420,62,60,64
1233421,56,60,58
1233422,60,60,48
1233423,58,73,54
1233424,60,53,58
1233425,64,58,54
1233426,60,56,67
1233427,63,56,59
1233428,56,57,54
1233429,59,56,58
1233430,59,59,56
1233431,55,59,60
1233432,62,56,49
1233433,64,66,62
1233434,60,59,54
1233435,57,59,61
1233436,59,64,64
1233437,59,57,53
1233438,60,63,61
1233439,57,61,61
1233440,59,64,57
1233441,61,59,62
1233442,58,61,46
1233443,62,58,58
1233444,56,62,56
1233445,59,69,57
1233446,57,63,58
1233447,59,64,61
1233448,58,64,52
1233449,61,60,57
1233450,56,55,57
1233451,61,58,56
1233452,55,55,57
1233453,60,62,58
1233454,61,64,59
1233455,57,59,66
1233456,61,60,67
1233457,59,58,46
1233458,61,53,56
1233459,63,62,57
1233460,60,62,65
1233461,57,63,64
1233462,64,55,57
1233463,61,61,56
1233464,59,62,56
1233465,59,55,54
1233466,60,59,56
1233467,53,60,61
1233468,60,61,50
1233469,57,55,51
1233470,58,59,58
1233471,51,70,58
1233472,60,52,58
1233473,58,62,55
1233474,62,69,60
1233475,55,59,64
1233476,59,56,64
1233477,60,50,65
1233478,54,61,52
1233479,58,61,59
1233480,58,56,50
1233481,56,57,51
1233482,59,60,60
1233483,62,62,55
1233484,57,62,55
1233485,57,59,62
1233486,62,69,78
1233487,61,61,63
1233488,63,59,55
1233489,58,61,59
1233490,60,60,54
1233491,58,57,63
1233492,60,56,62
1233493,60,51,57
1233494,65,63,69
1233495,58,64,62
1233496,59,60,62
1233497,57,59,53
1233498,57,57,51
1233499,60,51,60
1233500,58,64,61
1233501,60,65,53
1233502,55,58,58
1233503,57,57,63
1233504,57,54,66
1233505,62,65,58
1233506,62,60,68
1233507,58,57,63
1233508,56,61,62
1233509,55,68,58
1233510,61,67,62
1233511,59,60,63
1233512,61,57,59
1233513,57,60,48
1233514,59,64,67
1233515,56,53,66
1233516,58,61,63
1233517,55,65,58
1233518,60,64,57
1233519,58,64,63
1233520,60,62,55
1233521,62,61,66
1233522,56,61,57
1233523,63,64,60
1233524,57,52,61
1233525,63,61,60
1233526,64,57,53
1233527,59,62,70
1233528,63,57,56
1233529,62,57,62
1233530,61,58,54
1233531,59,66,61
1233532,61,60,66
1233533,54,64,59
1233534,58,54,62
1233535,62,59,69
1233536,58,65,60
1233537,59,64,54
1233538,54,63,60
1233539,59,61,56
1233540,60,54,67
1233541,61,58,65
1233542,57,62,57
1233543,59,65,64
1233544,61,61,64
1233545,60,58,59
1233546,54,56,54
1233547,57,53,64
1233548,63,52,59
1233549,58,54,49
1233550,63,54,57
1233551,61,63,61
1233552,53,59,61
1233553,65,60,62
1233554,59,56,53
1233555,61,64,61
1233556,58,65,59
1233557,64,64,57
1233558,57,59,53
1233559,59,61,64
1233560,57,58,59
1233561,58,61,59
1233562,56,61,65
1233563,56,57,55
1233564,57,62,61
1233565,60,62,62
1233566,64,58,60
1233567,62,59,54
1233568,59,55,56
1233569,58,63,61
1233570,61,57,52
1233571,56,62,63
1233572,62,59,59
1233573,62,64,59
1233574,58,63,63
1233575,62,66,52
1233576,61,49,56
1233577,65,67,62
1233578,65,56,52
1233579,58,63,55
1233580,57,68,50
1233581,61,65,60
1233582,58,61,57
1233583,63,64,56
1233584,65,56,68
1233585,62,60,54
1233586,62,63,55
1233587,58,62,66
1233588,59,63,55
1233589,60,63,60
1233590,61,60,56
1233591,57,63,62
1233592,64,57,54
1233593,60,62,69
1233594,60,56,61
1233595,58,63,54
1233596,59,59,67
1233597,61,58,63
1233598,62,48,61
1233599,57,59,59
1233600,63,61,60
1233601,56,61,51
1233602,63,60,62
1233603,58,61,59
1233604,62,56,55
1233605,60,65,55
1233606,59,67,59
1233607,60,57,64
1233608,62,58,59
1233609,58,60,58
1233610,58,68,63
1233611,60,56,61
1233612,61,58,58
1233613,60,53,61
1233614,59,58,63
1233615,60,55,62
1233616,62,59,58
1233617,61,58,61
1233618,61,63,56
1233619,55,60,55
1233620,64,53,65
1233621,60,60,59
1233622,60,54,57
1233623,63,57,59
1233624,57,60,58
1233625,59,58,60
1233626,60,60,60
1233627,57,61,61
1233628,61,55,61
1233629,57,55,60
1233630,57,57,58
1233631,58,57,61
1233632,67,56,61
1233633,55,59,59
1233634,62,53,59
1233635,64,56,63
1233636,58,62,56
1233637,63,63,65
1233638,54,58,56
1233639,59,51,62
1233640,54,55,68
1233641,57,63,63
1233642,59,66,68
1233643,61,59,62
1233644,56,58,63
1233645,58,56,56
1233646,63,57,60
1233647,56,59,61
1233648,58,60,57
1233649,66,59,58
1233650,62,58,57
1233651,60,59,60
1233652,64,57,66
1233653,58,54,53
1233654,62,60,56
1233655,62,58,53
1233656,62,57,64
1233657,56,61,66
1233658,59,58,69
1233659,63,62,62
1233660,62,56,63
1233661,57,68,59
1233662,60,60,55
1233663,61,60,65
1233664,62,58,56
1233665,55,63,51
1233666,52,61,56
1233667,59,66,52
1233668,65,64,57
1233669,53,59,55
1233670,64,59,66
1233671,59,60,60
1233672,63,59,54
1233673,64,53,48
1233674,57,59,58
1233675,60,59,53
1233676,59,67,62
1233677,60,58,58
1233678,58,63,63
1233679,61,59,63
1233680,64,56,56
1233681,62,51,55
1233682,55,62,57
1233683,56,57,61
1233684,63,64,63
1233685,61,58,54
1233686,62,55,58
1233687,64,55,74
1233688,59,57,54
1233689,56,70,66
1233690,59,62,60
1233691,54,57,55
1233692,65,62,55
1233693,61,67,60
1233694,58,61,60
1233695,61,57,58
1233696,57,62,57
1233697,60,60,54
1233698,54,59,49
1233699,59,57,57
1233700,58,62,56
1233701,49,57,59
1233702,61,64,63
1233703,57,61,61
1233704,62,58,62
1233705,63,54,55
1233706,60,63,60
1233707,59,59,59
1233708,57,58,63
1233709,57,62,53
1233710,57,59,65
1233711,57,54,66
1233712,59,52,50
1233713,54,64,61
1233714,59,59,68
1233715,62,59,63
1233716,64,56,65
1233717,56,54,57
1233718,65,59,52
1233719,58,64,53
1233720,61,58,57
1233721,61,55,60
1233722,62,65,60
1233723,55,63,59
1233724,56,67,68
1233725,57,57,61
1233726,55,61,56
1233727,62,54,54
1233728,56,57,61
1233729,57,59,57
1233730,53,64,57
1233731,61,57,56
1233732,64,59,54
1233733,59,58,55
1233734,54,55,63
1233735,66,61,58
1233736,62,64,65
1233737,57,61,61
1233738,60,57,54
1233739,62,60,66
1233740,59,62,61
1233741,59,53,66
1233742,62,58,55
1233743,58,55,63
1233744,59,54,51
1233745,61,64,58
1233746,56,64,62
1233747,61,64,61
1233748,58,57,64
1233749,58,53,66
1233750,57,60,65
1233751,63,63,63
1233752,60,63,62
1233753,60,54,57
1233754,64,61,57
1233755,56,52,56
1233756,68,61,66
1233757,60,56,57
1233758,56,56,63
1233759,58,61,66
1233760,60,62,60
1233761,59,54,55
1233762,56,66,56
1233763,57,64,59
1233764,62,56,58
1233765,51,59,64
1233766,55,67,60
1233767,57,67,66
1233768,57,62,54
1233769,58,55,51
1233770,59,59,54
1233771,58,57,56
1233772,60,63,51
1233773,64,55,58
1233774,61,56,67
1233775,56,53,62
1233776,57,56,63
1233777,62,62,64
1233778,65,55,61
1233779,63,61,56
1233780,54,67,51
1233781,61,56,62
1233782,55,59,50
1233783,61,64,60
1233784,59,57,66
1233785,62,59,53
1233786,62,67,62
1233787,59,51,53
1233788,58,62,54
1233789,60,59,62
1233790,59,66,59
1233791,59,58,62
1233792,58,57,58
1233793,57,65,66
1233794,56,56,53
1233795,57,67,56
1233796,62,59,56
1233797,60,51,57
1233798,61,64,60
1233799,60,62,58
1233800,61,61,57
1233801,62,56,60
1233802,53,71,69
1233803,61,63,57
1233804,60,61,55
1233805,62,56,49
1233806,64,49,59
1233807,57,59,63
1233808,61,63,53
1233809,56,56,56
1233810,60,57,60
1233811,57,61,52
1233812,59,62,64
1233813,61,60,57
1233814,61,60,52
1233815,55,61,65
1233816,62,59,51
1233817,64,60,57
1233818,53,58,60
1233819,63,58,61
1233820,60,55,55
1233821,63,59,51
1233822,60,62,69
1233823,57,57,59
1233824,60,56,63
1233825,61,54,66
1233826,62,57,63
1233827,57,64,66
1233828,60,53,58
1233829,62,59,48
1233830,61,57,59
1233831,61,61,61
1233832,60,62,59
1233833,56,62,56
1233834,63,60,59
1233835,55,62,54
1233836,59,57,55
1233837,59,57,61
1233838,59,62,57
1233839,58,63,60
1233840,61,56,62
1233841,57,62,57
1233842,63,59,58
1233843,62,68,52
1233844,57,57,61
1233845,59,55,54
1233846,59,66,61
1233847,59,62,58
1233848,59,62,57
1233849,56,55,50
1233850,51,57,52
1233851,56,64,67
1233852,55,64,51
1233853,61,66,63
1233854,60,58,61
1233855,60,54,63
1233856,53,60,56
1233857,61,62,54
1233858,62,64,64
1233859,64,59,55
1233860,63,58,53
1233861,57,54,61
1233862,59,64,54
1233863,59,56,53
1233864,53,57,60
1233865,54,58,60
1233866,60,62,58
1233867,57,58,63
1233868,58,55,68
1233869,60,64,60
1233870,57,62,61
1233871,59,60,54
1233872,58,57,63
1233873,58,58,60
1233874,62,52,60
1233875,61,60,59
1233876,59,62,58
1233877,60,61,55
1233878,61,54,55
1233879,58,67,57
1233880,57,56,64
1233881,59,61,58
1233882,62,58,58
1233883,59,55,59
1233884,60,57,58
1233885,56,59,50
1233886,58,58,66
1233887,53,64,60
1233888,63,58,54
1233889,58,67,65
1233890,62,58,57
1233891,59,57,53
1233892,54,61,52
1233893,55,62,64
1233894,55,58,58
1233895,63,59,67
1233896,62,64,57
1233897,55,62,59
1233898,55,67,64
1233899,58,64,60
1233900,59,57,52
1233901,58,62,59
1233902,62,58,58
1233903,55,55,56
1233904,58,60,63
1233905,62,57,58
1233906,63,62,60
1233907,60,60,58
1233908,56,64,60
1233909,56,56,64
1233910,59,60,49
1233911,60,56,56
1233912,56,63,49
1233913,60,61,64
1233914,56,68,58
1233915,62,59,59
1233916,57,57,63
1233917,60,56,62
1233918,61,57,65
1233919,62,67,62
1233920,58,55,58
1233921,57,67,57
1233922,59,56,56
1233923,58,57,65
1233924,66,60,73
1233925,63,59,61
1233926,55,63,60
1233927,61,58,59
1233928,63,51,61
1233929,59,58,59
1233930,58,59,58
1233931,60,55,60
1233932,56,55,58
1233933,61,63,57
1233934,55,59,55
1233935,58,66,61
1233936,65,57,63
1233937,57,52,62
1233938,65,58,60
1233939,62,56,56
1233940,58,57,59
1233941,55,72,69
1233942,59,67,60
1233943,62,59,63
1233944,64,65,59
1233945,61,63,61
1233946,64,63,55
1233947,60,58,59
1233948,62,55,63
1233949,58,57,55
1233950,56,59,64
1233951,56,57,59
1233952,61,58,57
1233953,63,52,57
1233954,56,61,54
1233955,59,57,50
1233956,60,60,57
1233957,55,60,62
1233958,56,60,61
1233959,57,64,53
1233960,59,64,66
1233961,57,57,64
1233962,60,58,54
1233963,65,63,53
1233964,61,56,61
1233965,57,63,66
1233966,61,62,58
1233967,58,60,61
1233968,56,59,64
1233969,61,55,57
1233970,60,64,63
1233971,60,60,62
1233972,63,61,61
1233973,58,65,54
1233974,59,61,64
1233975,61,59,65
1233976,56,63,59
1233977,56,63,63
1233978,57,52,61
1233979,60,56,63
1233980,55,58,58
1233981,50,62,60
1233982,59,61,53
1233983,61,59,57
1233984,62,59,56
1233985,57,62,54
1233986,56,63,56
1233987,60,64,74
1233988,57,57,63
1233989,62,63,66
1233990,53,60,53
1233991,57,53,56
1233992,60,61,67
1233993,57,56,54
1233994,58,64,69
1233995,54,56,57
1233996,61,55,63
1233997,62,60,58
1233998,64,58,61
1233999,57,57,63
